1.000000000000000000e+00,3.146546276838400602e-01,2.737513329140518759e-02,2.277880400851353404e-01,-2.893307793188814592e-01,-8.649625025726080663e-02,-2.545500643713494715e-01,-5.089688256420383389e-02,-4.115949326268544990e-03,2.416174432685171125e-02,-2.919489682603481837e-02,3.992915501801229568e-03,2.660457961383437195e-02,6.159613895318177129e-02,-9.297874557975313592e-02,1.767046135406256935e-02,4.648412439131213367e-03,-1.218739016971767258e-01,7.782936777069268154e-03,-5.224908800815698806e-02,-1.263231351587361384e-01,1.026133560430986767e-02,-9.154172161179235934e-02,9.346790377454106125e-02,2.326947241815054829e-02,-7.740298808398798913e-02,-1.178015112130085217e-02,2.683869413446443933e-02,-2.731182029361806443e-02,5.869338863740428125e-02,5.198768652588366818e-02,-4.522807265221373725e-04,-4.160457961226295825e-02,6.317226660847971575e-02,-5.281975686102701947e-03,-1.424069372843408260e-02,1.593210605103689489e-02,5.626797668891237586e-02,-3.160090719397161407e-02,8.854259813600756646e-02,1.178825931613490530e-01,3.619632405972792594e-02,3.212976123535810774e-02,-4.864738125603226132e-02,-3.004116353782021118e-02,-6.614345013631155179e-02,1.146739905804052169e-02,1.313079443918296063e-01,-6.503561029918564218e-02,6.289544840043402585e-02,-4.836885254269807782e-02,-3.451484211444061367e-02,7.042973294840455811e-02,-3.867930144303681483e-02,7.250127133843245475e-02,6.982535259346055179e-02,9.381651304186108820e-02,8.925989213440814474e-02,-4.734039920381033495e-02,-1.062251031444693544e-01,-6.469159236346953834e-02,2.039970303774643265e-02,4.185577049555887913e-02,4.687799179035388036e-02,1.093974426655099502e-01,7.857222665881913315e-02,-3.905250634601310084e-02,-1.191952013169406965e-01,2.462985618064355078e-02,5.792829558568993176e-02,-1.004803742553659895e-01,-7.986621635454599355e-02,7.765952131639326794e-02,-1.556822711345610261e-03,-1.291100216809919210e-01,-7.316535455735952327e-03,7.799464503508883595e-02,-8.405706094562083452e-02,-1.071691308142537907e-01,-3.165812733738824353e-02,-9.688364550943866227e-02,-6.411482544224874833e-03,-9.948103808483921284e-02,-5.256282948317440168e-02,2.285490100737617297e-02,1.185855606884112096e-01,1.147174787049767830e-02,-4.468364496456557478e-02,7.592848149023753712e-02,9.949299955452600708e-02,-3.776185692568209684e-02,-1.345633215677062089e-03,1.140225508145191191e-01,6.044418784992171972e-02,-6.108547785889874987e-02,-5.333886618958366688e-02,-1.064796916345858852e-01,-6.115640357416351341e-02,-1.384583275111497640e-02,1.171108319394796732e-01,1.810359187906184289e-02,-8.945356805222684504e-02,5.102164200406636430e-02,1.070979659282362134e-01,-4.612043459597491013e-02,-5.529583871011804763e-02,9.164750989919100144e-02,6.287304619558435614e-02,-1.842172758322925194e-02,1.664072542398710094e-02,5.550782267340689108e-02,8.547342673548312397e-02,6.123206005774234351e-02,3.670369433854080848e-02,-4.414709301769074307e-02,3.206822084697637243e-02
3.146546276838400602e-01,1.000000000000000000e+00,2.761811763711686796e-01,-2.799728128911740943e-01,-9.705490501909744272e-02,-1.788003769321829806e-01,1.616097645078031220e-01,8.462616664056955840e-02,2.109804701117227455e-01,-2.673554310100316467e-02,-9.335786984565472291e-02,1.657858365041085524e-01,1.453381888576244785e-01,1.583119759490607403e-01,6.991098368072913571e-02,-1.511973532648514529e-01,-9.706303151048184530e-02,-7.304075301041461354e-02,1.321926827162306708e-02,-1.928731151058180049e-01,-1.910877981473189935e-01,-4.465272160426706632e-02,-9.720643671114054252e-02,-4.041233820426531204e-02,1.896960288689638063e-01,1.635001059757540676e-01,1.643563043702070681e-01,2.023205598547782591e-01,1.430480312837787704e-01,-2.588973458068927896e-02,-3.542713108489939366e-02,-9.180987216671937512e-02,-2.236898714118034925e-01,-2.585375894092874563e-02,1.715602689266916558e-01,7.519463325771204298e-02,1.199946531168040731e-01,4.263021087087374983e-02,1.733214370391137349e-01,4.772592513126089342e-02,6.616649115546445470e-02,1.464660468151685324e-01,1.398958955333661769e-01,2.009807040903318492e-02,6.149111511341490838e-02,1.168666873391685374e-01,9.014174130769977977e-02,1.818695525084774445e-01,6.613902695547030364e-02,1.706799341434453998e-01,1.076266078338397603e-01,9.972851954850201969e-03,6.385059886666590023e-02,9.504741834891036745e-02,4.765245374327774924e-02,1.263039515844933611e-02,1.294267288823948703e-01,-8.512165514689395973e-02,-1.848665620195271975e-01,-2.334062459511819856e-02,-1.204429036849488516e-01,-4.455033401039022734e-02,-1.663061925688849307e-01,-7.848135123915404854e-02,-1.293692307693926902e-01,-9.108561639501813745e-02,-7.700549488514066114e-03,1.379841874237141830e-01,8.354018410219576571e-03,-1.043008905262708813e-01,7.189662184026320013e-02,1.181246079951455141e-01,-6.109653578892346171e-02,-5.548995311684241927e-02,1.242981420097359485e-01,5.898975800029153393e-02,-1.031956148478077456e-01,2.026699076747432229e-02,1.409357499890493692e-01,7.380011397102081983e-02,1.023565891444285503e-01,7.757401288043911346e-03,8.806294818081551734e-02,5.721578788257673798e-02,-7.691498791152637238e-02,-1.154405944544933116e-01,3.607479222710403832e-02,1.526970593561534188e-02,-1.175447331449314681e-01,-6.138813796639069897e-02,6.334164124792153461e-02,-4.050971500507971612e-02,-1.295623586285688245e-01,-7.220656956954025346e-03,7.238396050564716022e-02,7.435857795046578456e-02,1.510961836505029243e-01,5.463833477996333371e-02,7.635977675261405861e-02,-1.174245153455132640e-01,-4.940858253773253161e-02,1.185913347158352588e-01,4.449891019987640972e-03,-1.354371816139979534e-01,2.453128775544018148e-02,1.231618175078835337e-01,-7.233292721505026057e-02,-1.045337164474078595e-01,5.135471001797516089e-02,3.042391756209796363e-02,-2.594783021466767065e-02,9.047241173275670512e-02,2.012743558611069031e-02,5.017342978718834084e-02,-2.258304330055166051e-02,1.894710449831806670e-02
2.737513329140518759e-02,2.761811763711686796e-01,1.000000000000000000e+00,1.903528415874135571e-01,2.166800251292345658e-01,1.378882558918923251e-01,1.321266063859178885e-01,1.670583487547816839e-02,8.190354987281583260e-03,-9.387222502592802720e-02,-6.052777215295442742e-02,1.794211097327986504e-01,2.324947696318424573e-02,1.800120599036478947e-02,-1.704428921425673038e-01,-5.798261999008431922e-02,7.472473686756395117e-02,-1.319425602078449777e-01,-1.236170591837928434e-01,-8.997879557114897564e-02,-1.478786477644024322e-02,5.134557216124471107e-02,4.891697865395252393e-02,1.375416259591716039e-01,1.489328681591462478e-01,1.149509845260948959e-01,1.476964471561782732e-01,5.594668578380469076e-02,7.992116979491489803e-02,2.080696253393565440e-02,-6.290895974117603762e-02,-9.030297832036790484e-02,-1.041370448661981148e-02,-6.406933337628106795e-02,1.903805834023100316e-02,1.733532208522176876e-01,-1.968925947384768046e-02,-4.305044903722699164e-03,1.237493637040091160e-01,3.809705569706525741e-02,-1.360467035520311618e-01,4.317216853630588547e-03,1.011629882042431039e-01,1.752483174511624553e-01,3.813951364889893361e-03,2.152964022863055812e-02,-1.013135248138092165e-01,4.877759028873381725e-03,4.351321903806190661e-02,-6.250473848265085397e-02,1.086668557158107853e-02,-4.101463996239725074e-02,-4.880979966795270797e-02,1.120086775516487276e-01,-9.442457726031622256e-02,-3.757509162597681696e-02,-6.298341101560445132e-02,-1.620722814354254027e-01,2.262842601158128583e-04,7.584457317746123861e-02,1.549167005292428345e-01,-3.199457881428675876e-02,-2.765289263868258782e-02,7.228545584448146932e-02,1.695304923054364449e-02,1.047604014956116970e-02,9.823874321471405546e-02,9.860047345861240944e-03,-4.698297643127055667e-02,5.227714610690615410e-02,8.188041670694198859e-02,-3.875690054426797482e-02,-2.959046981158024170e-02,8.453266072996999669e-02,3.898779804276608640e-02,-6.506342577467599808e-02,1.318536939146434765e-02,8.889949210510444955e-02,-9.324124257288164339e-03,-8.336404877536661429e-02,4.731334737524535428e-02,4.149449595157501253e-02,7.770961839653357794e-02,-2.245884142832542309e-03,6.416147705388183797e-02,-3.825224138867293344e-02,-7.882219267573231658e-02,3.170572791263622653e-02,3.729919738714084637e-02,-7.640642284467713541e-02,-4.019103778916852804e-02,6.369094214157364209e-02,-8.442106376631937012e-03,-9.617275669062953780e-02,-2.403491597026349152e-02,-5.158299570196053785e-02,1.965315322677405052e-02,4.615309270557852589e-02,-6.910978366982505061e-02,-6.023717654657502474e-02,6.135842644537625734e-02,9.345774174906730861e-03,-8.895422192156120234e-02,-1.116753206007487821e-02,6.034611502294998098e-02,-4.229153947525754464e-02,-7.920174855638341394e-02,1.359401033392344804e-02,8.739278956189618433e-03,-4.705360023569882255e-02,-1.360001905923386156e-01,-5.625144199357452746e-02,5.728060204062777883e-02,7.475882730685441679e-02,-3.400835274180574741e-02,-2.080545507398209436e-03
2.277880400851353404e-01,-2.799728128911740943e-01,1.903528415874135571e-01,1.000000000000000000e+00,7.099890709435367764e-02,3.139347622938011839e-01,-1.871454744403439341e-01,-1.457164949761854955e-02,-2.546051430421382156e-01,-8.002643059100290890e-03,1.558421201853400495e-01,-8.485235344897858797e-05,-1.642182778494206685e-01,-1.547679259865623602e-01,-2.220620831630792380e-01,1.694751942571088021e-01,8.356688239195282641e-02,-6.345346614648895989e-02,-6.884228756671270655e-02,1.244011120280701377e-01,1.596341149339969290e-01,7.189907570061949971e-02,7.687422277621729083e-02,1.689770349031108898e-01,-1.357520669189430096e-01,-6.872883727279538446e-02,-6.626273449552519401e-02,-1.814174337324020170e-01,-6.191523378610743616e-02,1.548708840726924045e-03,8.285950488813284553e-02,2.842618144135374697e-02,1.937794675915915088e-01,-1.988677863154138248e-02,-2.274120623630542792e-01,3.110302155267041313e-04,-1.780512256468355092e-01,-7.003333044973358845e-02,-1.440168077715908712e-01,5.614621676788288107e-02,-1.100737077486613619e-01,-6.174042742621120572e-02,-2.532441768150671055e-02,7.658994384687840308e-03,-1.041091277670031651e-01,-7.435174196362955013e-02,-1.536275027042214580e-01,-1.481063664099061816e-01,-1.069888072356544317e-01,-1.868305566608638724e-01,-9.342813595609571198e-02,-2.810892219838868195e-02,-3.894268864290353210e-02,-2.362653497320205132e-02,-8.257306208101356307e-03,7.397708766524697943e-02,-1.129495661036911264e-01,4.841008597122105350e-02,1.351647204635755550e-01,4.799359927103828000e-02,1.407445019878763304e-01,6.802072818543765387e-02,1.838537189641060998e-01,2.104470021525435552e-01,2.435593734843654601e-01,1.759265741984112619e-01,8.011139517997123427e-02,-2.333392606834932548e-01,-3.688027275413485739e-02,2.180565397568080543e-01,-7.033617170739131508e-02,-2.287924848294835001e-01,1.000615788617725960e-01,1.516972996281734376e-01,-1.881829088262435834e-01,-1.247046894966053060e-01,1.909293855536344231e-01,4.839266242584202779e-03,-2.417125049042188334e-01,-1.656243997816592428e-01,-1.489816047958011092e-01,2.168112689653136846e-02,-9.739773269144490209e-02,-1.137104198323996979e-01,1.646658490410457532e-01,1.744950471554075067e-01,-1.231730241286162486e-01,-1.899062654883880777e-02,2.308787132721934476e-01,6.209978318349941573e-02,-1.496059965643423417e-01,1.122712740018948357e-01,2.234743549319804790e-01,-5.397484683714467990e-02,-1.472297392423957685e-01,-1.726231344234276099e-01,-2.429065455174589938e-01,-6.288998600294457009e-02,-1.767318488560643275e-01,1.645087715451666044e-01,1.397231698567480696e-01,-1.998131386168116308e-01,-6.256612444112866211e-02,2.321005588708307532e-01,2.409575182654752172e-03,-2.133782924802221093e-01,5.546525852648744731e-02,1.831829062821328236e-01,-8.610221020089721400e-02,-1.146021089494593248e-01,-7.231276568994501885e-02,-1.143662164089681299e-01,1.797377762994763900e-02,-3.669066355842721949e-02,3.742760573027784782e-02,3.895701475718972573e-02
-2.893307793188814592e-01,-9.705490501909744272e-02,2.166800251292345658e-01,7.099890709435367764e-02,1.000000000000000000e+00,5.215644434618416092e-01,4.674338863307461178e-01,3.929124344315594874e-01,7.533163078904597798e-02,-2.661947198032023065e-01,1.161061446230316901e-01,2.517666041198601823e-01,-7.256462354457268726e-02,6.090447239429651154e-03,2.480509643704518000e-02,-1.914607293565558088e-01,-1.926585548847105089e-01,3.640322729937718604e-02,-1.219821755049598083e-01,-7.366524302798704849e-02,6.974898652350373929e-02,1.637724363228088009e-01,3.008426112466688340e-01,1.071087169899418018e-01,9.731972828624176064e-02,2.960965792227714388e-01,1.877030162036437411e-01,9.565020310052065045e-02,2.835231500583895170e-01,1.025229428368939488e-01,7.396896657569952682e-02,3.806667336067377089e-02,-1.080438317806687448e-01,-2.656918905011163567e-01,1.709003935871281910e-01,2.379529548562396568e-01,5.352104026905906559e-02,-7.594910480168912126e-02,7.070501480257308791e-02,-1.865534564765071179e-01,-2.159606157652355640e-01,-9.270220248666785623e-02,-9.005083845329947545e-02,-1.172350665162432554e-02,1.306510876548446463e-02,1.013765787361395748e-01,-8.209562662659086740e-02,-1.462915543474530566e-01,-8.320123543129334664e-02,-1.126963606607874618e-01,4.145728974053834032e-02,3.771936308173739170e-03,-1.975413143108050718e-01,2.810967299345218731e-02,-1.423468030677042251e-01,-9.827867313706356578e-03,-1.964331275547896438e-01,-1.888881357157938257e-01,5.211404710874500967e-02,1.333833665659411583e-01,2.052108526057255800e-01,5.024780146105047723e-03,6.701406476862337147e-02,1.421514321278110060e-01,3.205607124480823467e-02,2.838396565346750985e-02,1.902542136942619033e-01,2.020288460292459648e-02,-8.359289961329599561e-02,1.187912898132442857e-01,1.625735018010700528e-01,-6.101143151833622602e-02,-4.252595817378314325e-02,1.826789257174030456e-01,8.683184443661534635e-02,-1.089160986132576558e-01,4.801688421105283072e-02,1.838373221799062540e-01,-1.595248507977862357e-02,-1.353651463637546848e-01,7.211595467467266096e-02,5.900577422459389598e-02,1.364074469808212453e-01,-3.606445103695084253e-02,1.279052925159647747e-01,-7.901927462890105669e-02,-1.808919221223753704e-01,5.033245853666303699e-02,8.522595710997925289e-02,-1.591231722169874907e-01,-1.057152522815187207e-01,1.137852598382149971e-01,-1.203657846472410385e-02,-2.037119995820520779e-01,-4.992485091464059221e-02,-9.237472836574293911e-02,2.723109752885616991e-02,1.066348906794881424e-01,-1.507699571155655949e-01,-1.141737182438454928e-01,1.433006506814968883e-01,1.629127522572699355e-02,-1.946894648536328654e-01,-7.066643583713981720e-04,1.460138338997337970e-01,-8.944576803411891097e-02,-1.577412871270119643e-01,9.272166594432673659e-02,-2.709671479711778935e-02,-1.014946451529532834e-01,-1.338692743333443624e-01,-9.747730840502899508e-02,5.420743727118824268e-02,1.197075971602834660e-01,8.724937864547993582e-02,6.787683275908740210e-02
-8.649625025726080663e-02,-1.788003769321829806e-01,1.378882558918923251e-01,3.139347622938011839e-01,5.215644434618416092e-01,1.000000000000000000e+00,3.638754833045463322e-01,3.617651707991271226e-01,1.448611057989336315e-01,-1.782606025733581290e-01,-2.348000802067424023e-02,2.876963301513728588e-01,2.274684164112408032e-03,1.067380108561876428e-01,-1.618764616292651670e-01,-1.747884177932828853e-01,-1.023247586911277401e-01,-1.530423163379011076e-01,-1.644024467468718498e-01,-1.282555186963627025e-01,-6.974770589300684220e-02,1.534901044622316579e-01,1.661372483788217114e-01,2.661985247533078525e-01,1.332402013808569319e-01,1.874155434374522311e-01,2.548252200567442394e-01,1.760821563717251126e-01,1.940518845704635731e-01,8.239212517833378879e-02,-4.682353889256984231e-02,-9.180594605120456775e-02,-1.412679476002365320e-01,-1.897743299811059381e-01,5.261056687432518614e-02,9.771057018989059983e-02,-1.449565392892029070e-01,-6.193512347272840668e-02,5.826625667226556504e-02,-4.872055365834607882e-02,-1.645187845798730120e-01,-1.868912712989354019e-01,-9.453333966633103991e-02,8.506916600436524589e-02,1.551817531758177549e-01,1.439097306210953067e-02,1.066207197186573412e-02,-2.013644750982633222e-02,-9.465398832387125760e-02,-5.533389442482518350e-02,-1.012054660752528396e-01,-1.809773521365546159e-02,-1.371958679961480243e-01,-9.864494203771648553e-03,-4.616565448483080092e-02,1.205546936914572986e-01,-1.160011089451176286e-01,-6.734283587899449197e-02,1.077248315406704043e-01,1.360385712209199460e-01,1.507502726932427872e-01,9.661432724110519121e-02,8.136339444394095899e-02,2.043551634085837287e-01,7.689610072581953837e-02,1.523860071901805835e-01,1.337872638771747391e-01,-4.378440460718549532e-02,2.971421750999756958e-02,1.850760680182153006e-01,6.853894032895978261e-02,-6.343208559243851408e-02,9.774215077538825347e-02,1.773210699067178098e-01,-1.182402167613136497e-02,-3.301466793971845337e-02,1.699384813594032317e-01,1.250475567991919668e-01,-7.825999965625062005e-02,-1.549522717345929723e-01,-5.884498185873079240e-02,-4.456450971841057623e-02,2.400063523367703192e-02,-1.603456941394964530e-01,9.257156885726466888e-02,3.485199309796184475e-02,-1.923743659805191575e-01,-7.409294207405968391e-02,1.269166555717040623e-01,-5.945088029568187937e-02,-1.961747525853748952e-01,3.476369028147786172e-02,9.624372140121195685e-02,-1.413848566039399290e-01,-1.695561799362782784e-01,-5.737453896261002217e-02,-2.314099686369383568e-02,1.391198665618556263e-01,-1.168136874324231661e-01,-2.590494273366971203e-02,1.998517442205258454e-01,1.690178670820085410e-02,-1.377819765332103097e-01,8.657696518483926074e-02,1.780268510970083040e-01,-8.546484197302836594e-02,-9.500975471902695091e-02,1.591996188933471612e-01,8.867872531165159333e-02,-5.214502800224449924e-02,-6.427535107981337259e-02,8.851709398645629667e-03,1.405904672693962798e-01,7.322191710351171057e-02,6.435186233846995618e-02,8.257316307993475824e-02
-2.545500643713494715e-01,1.616097645078031220e-01,1.321266063859178885e-01,-1.871454744403439341e-01,4.674338863307461178e-01,3.638754833045463322e-01,1.000000000000000000e+00,4.722155532288916380e-01,2.278724085328704685e-01,-2.097450892924458687e-01,-1.486159923993266539e-02,1.513327381979028829e-01,-2.174826399421986300e-02,1.830788661839763132e-01,1.360524760220134244e-01,-3.128310599365892175e-01,-3.372461444036782274e-01,-2.589611981453392858e-02,-4.235805155486562640e-02,-1.920301335661560027e-01,-3.302299782863852423e-02,1.084894287057594636e-01,2.061192466811768154e-01,2.633044451332802044e-02,2.795548868526183117e-01,3.541198644673044793e-01,1.718683338780966352e-01,2.325586526199266146e-01,2.885464207554598870e-01,1.379661902663498474e-01,1.229225711625634015e-01,4.804588295032804351e-02,-3.002667341280125246e-01,-1.710000362378163441e-01,3.426711936614163512e-01,2.518192778777879060e-01,1.520304323060629459e-01,-1.325126939624072797e-01,8.557225237466041523e-02,-2.365921628151633482e-01,-1.774805802382691255e-01,-2.860366645357182921e-02,-4.460421307078500652e-02,1.244414522305753966e-02,1.352846152790624368e-01,2.526525298786859719e-01,1.438573708345131652e-01,4.232641478605822516e-02,7.029947585915138908e-02,1.244281097548461390e-01,2.040141198044841953e-01,9.277541763179927847e-02,-1.016349092998925646e-01,1.234473324106123288e-01,-5.952455396071083815e-02,2.424743409435688168e-02,-7.903042069519897184e-02,-1.631360058692251369e-01,-6.632224582682774705e-02,1.143449526996123122e-01,6.002812666727232183e-02,-1.390881525582991253e-02,-8.640803731019755518e-02,-1.590525000379783976e-02,-1.285574077731856113e-01,-7.822316986200578137e-02,1.026818117541477421e-01,1.686202295454184708e-01,-3.025812504107361009e-02,-3.743106768572006943e-02,1.769151210700586063e-01,1.075951925930609260e-01,-8.522031027059960573e-02,5.002431071364830256e-02,1.963007605486872809e-01,7.756511151691301668e-03,-7.683194686543089180e-02,1.485645532795372703e-01,1.421711556596035875e-01,5.205929616965199180e-03,1.474502494830797483e-01,1.556705649334631097e-02,1.760370086058550276e-01,3.658660419016530885e-02,-7.748706554830882796e-03,-1.818521042771480689e-01,-7.506487906413365774e-02,4.783508419479997470e-02,-8.190128672636506901e-02,-1.737284866575449505e-01,2.388281584140134178e-03,1.777134648905554989e-02,-1.548861426583357237e-01,-1.390082090478197141e-01,4.419987350919968305e-02,3.513365772998029712e-02,1.809209978551678810e-01,1.436790284633772397e-01,-1.146923558516314834e-02,-2.008325015166917693e-01,4.250987816728541563e-02,1.496188679891225781e-01,-1.245873547568088768e-01,-1.433660195847154539e-01,1.322219276563861290e-01,6.538775719210054849e-02,-1.786124716041466720e-01,-5.808128638592580800e-02,4.672386885670336970e-02,-6.867368710410677590e-02,-9.771358490002733654e-02,-4.435085879488426946e-02,2.430950141456971608e-02,8.755128468805981057e-02,4.868666132715689793e-02,4.891851416283694159e-03
-5.089688256420383389e-02,8.462616664056955840e-02,1.670583487547816839e-02,-1.457164949761854955e-02,3.929124344315594874e-01,3.617651707991271226e-01,4.722155532288916380e-01,1.000000000000000000e+00,2.010740381628652873e-01,-1.720743561992211790e-01,2.296327673393084856e-01,3.467770927452523688e-01,4.661848855697438287e-02,1.549177152103312916e-01,6.331016964818707293e-02,-2.463475909958919019e-01,-3.216221184818696677e-01,4.740307403340158349e-02,1.277928911149918585e-02,-1.198414566548253041e-01,-4.033216898147110735e-02,4.346626069788555452e-02,2.079157996298406641e-01,6.442939019357678265e-02,3.443236449050473408e-02,3.717000798638075421e-01,3.705271056344266456e-01,2.704299159290837196e-01,3.464639340722436844e-01,8.970944880236763480e-03,8.650898769765785756e-02,-7.442433701744100016e-02,-3.093186400860475915e-01,-3.124425892549678174e-01,2.095931000946285316e-01,1.178105611398210378e-01,-4.031466468983246898e-02,-1.704661027562099362e-01,5.691082082970726728e-03,-2.283251714640636143e-01,-8.414529942338912216e-02,-1.497899749492795640e-01,-2.131964916370881757e-01,-5.975461838024236083e-02,1.777492258780099255e-01,2.330157074816230356e-01,8.730509807756844931e-02,7.120546367467285066e-03,2.522104563363968335e-02,1.853228427966495395e-02,6.556432272974258013e-02,1.340196176512029325e-01,-6.435996009490331515e-02,4.873960632963158374e-02,3.846173533990993043e-02,1.976392371650209645e-01,-1.381072062445020121e-01,-1.029508522717143965e-01,1.141654040096397177e-01,1.423626844441212014e-01,1.343520745048056853e-01,1.077984743226582387e-01,1.050951011096496329e-01,7.674650359371187891e-02,6.295151488562387987e-02,1.090948043073941831e-01,-1.876853969190774366e-02,-6.765507718857398378e-02,8.085360854180864698e-02,8.403107421211160333e-02,-5.626946250905652536e-02,-2.093038025170651170e-02,1.097687849516587461e-01,3.166330911661077718e-02,-6.823447291902115519e-02,3.963593533222151133e-02,1.008562430806230481e-01,-3.386397644402147633e-02,-5.613460198283582586e-02,-2.737326288235361268e-02,-7.932786528452234753e-02,-7.466976884504951395e-02,-7.063868392708934352e-02,-1.027612392184685669e-01,-1.253808982967145012e-02,7.474646756318890917e-02,-3.661937934909990922e-02,-9.553706477185085200e-02,4.648364422211988950e-02,5.707622315844006894e-02,-7.763547245127237761e-02,-3.983502712174781524e-02,7.387304224060782520e-02,8.282187523652383490e-03,-9.610056460944785273e-02,-3.168002761152395076e-03,-3.204164032768184317e-02,3.674472445990498159e-02,-2.631645737688531519e-03,6.173094325298553176e-02,7.809611869251041616e-02,-9.379464232441202254e-03,1.446289057290784177e-02,8.388871618431409383e-02,4.897992598350139198e-02,-1.765324350204629592e-02,3.896890608553384844e-02,1.187197252910178469e-01,-3.040440894108472746e-03,9.366023437175474003e-03,-6.316350970790732267e-02,2.903698656654001356e-02,1.531698836428784516e-01,1.276374685954181354e-01,7.286660538634247286e-02,2.824531272357726566e-02
-4.115949326268544990e-03,2.109804701117227455e-01,8.190354987281583260e-03,-2.546051430421382156e-01,7.533163078904597798e-02,1.448611057989336315e-01,2.278724085328704685e-01,2.010740381628652873e-01,1.000000000000000000e+00,1.181141599902581080e-01,-3.016447472022251719e-01,4.482291822339503073e-01,5.532609334630606002e-01,2.963677096823107843e-02,1.713620288727827623e-01,-4.514160929395677480e-01,-4.484172229307172020e-02,2.041706496578418739e-01,-2.175671899447257154e-02,-3.373541905037629185e-01,-2.934464730987577652e-01,-2.502754543406726095e-01,-1.601000345852071627e-01,-2.250707121433987712e-01,1.659820026253532310e-01,2.291572413449989021e-01,3.294462257316334020e-01,3.588633244410434631e-01,3.127829731323358287e-01,4.051221978715316072e-03,-1.103412533024842601e-01,-1.148509096753198983e-01,-3.989480093227009694e-01,-1.140918811740356392e-01,3.983252105005417598e-01,9.479296011931051535e-02,2.725915550756423111e-01,1.087267544975870220e-01,3.180024238579769458e-01,-2.459580255803686666e-02,1.422066132478254086e-01,1.152496564666139894e-01,1.424561318206679639e-01,5.852414083070561074e-02,1.022253181647674869e-01,9.867611917230266483e-02,5.423555928752374355e-02,2.490495355123480414e-01,2.250664706477234489e-01,1.281644590193931899e-01,4.220233057072804439e-02,-1.056858280856149898e-02,7.406419118772650245e-02,1.317255541423126286e-01,1.263964821305642132e-02,-1.708114797790296832e-02,1.685569292273774722e-01,-1.049524775410310140e-01,-1.251951199240671775e-01,1.046353022115929926e-01,-1.209511606778758824e-01,1.455647906345630942e-03,-3.067231480424164047e-01,-1.006835664059380075e-01,-2.122080146537640710e-01,-1.251825617708310634e-01,9.103117444218985360e-03,2.259599984986168375e-01,1.955510554922016211e-02,-1.392052418570923211e-01,1.250499698460308118e-01,1.864738004547996375e-01,-7.894815726597101402e-02,-6.539434277767386394e-02,1.951087252278195794e-01,9.864015352094111788e-02,-1.307923463670946918e-01,6.759150072904655804e-02,2.154147814080686618e-01,1.013627429345698855e-01,1.352014439957902880e-01,-3.284647988319355782e-02,1.131608996032573838e-01,5.349756441357855080e-02,-1.173323924594378703e-01,-1.682188390790544386e-01,3.721130901204180302e-02,-1.935100716860177266e-03,-1.765648096169765702e-01,-9.335976042367162553e-02,7.043731087362020693e-02,-7.979048235898340835e-02,-1.789864977063767015e-01,-1.522817030522664698e-02,8.524140441440171412e-02,1.304889389234995256e-01,2.225365904778113246e-01,1.141130376160211096e-01,1.106450693630812998e-01,-1.771519026758767712e-01,-6.051980940507765971e-02,1.912766676116373077e-01,-3.390381473129774545e-03,-2.000406067621964268e-01,6.286859189603367926e-02,1.702043102852592027e-01,-1.267419293243739753e-01,-1.796199823892981606e-01,1.939007458262697881e-01,8.326247244098552991e-02,2.780925581378002401e-02,1.394391387664943027e-01,2.304649959374416995e-02,3.689985423870328213e-02,-8.190078599191538689e-02,-5.137430793471671475e-02
2.416174432685171125e-02,-2.673554310100316467e-02,-9.387222502592802720e-02,-8.002643059100290890e-03,-2.661947198032023065e-01,-1.782606025733581290e-01,-2.097450892924458687e-01,-1.720743561992211790e-01,1.181141599902581080e-01,1.000000000000000000e+00,1.786421553999954226e-01,-2.896248003055766906e-01,5.374421001472790005e-01,2.638515358450119197e-01,6.673988768804985094e-02,1.174832960478730814e-01,-1.482107427387802379e-01,4.173195511461675472e-02,3.116451497411503180e-01,-5.193869784259051714e-02,-2.128998519253638699e-01,-4.780396449055775432e-01,-3.160402949978172726e-01,-2.322838603647546241e-01,-2.239337033272185695e-01,-1.466877954877821577e-01,4.367202675270068744e-03,6.360462338080052902e-02,-1.920670164379518208e-01,-2.382827660019258553e-01,1.535506788052131977e-01,-1.191803842186012347e-01,-2.401655516183869299e-01,1.200350855363532671e-01,-1.932554758723784363e-02,-3.526895881315212367e-01,-1.046765688889832457e-01,-9.263369359275341886e-02,-1.366788896096849115e-01,2.727477305702678129e-02,2.273237606656520748e-01,6.422492342421795564e-02,-5.103085100145943881e-02,-8.976567107981461846e-02,-4.921192060184889638e-02,-5.288979243643236738e-02,4.042349225300529564e-02,9.170718234158431459e-02,1.994866449540045050e-01,4.074158380637863536e-02,-3.189842229914710559e-02,1.964405504588777052e-01,2.226619099080991149e-01,8.887481765806144740e-02,2.655891800055644181e-01,1.649756412294233754e-01,2.260412498030253958e-01,5.620702454470404008e-02,2.171867486715085491e-02,7.835526067492165625e-02,-1.944787914261007222e-01,1.775574834861115558e-01,-4.601438812520593918e-02,-1.680412414949795097e-01,-1.157794234293199609e-01,-1.896487738391589017e-02,-2.320400275031139214e-01,4.370522736093578747e-02,1.682861210561795162e-01,-1.434851293838928232e-01,-1.701532386953991949e-01,1.492273260069285346e-01,9.055884814962097962e-02,-2.211623977480593195e-01,-4.847781156694710297e-02,2.067452436889379574e-01,-4.346836702630155203e-02,-2.127601025512459998e-01,1.074719371861374700e-01,2.275393230793247012e-01,-1.093736762771292809e-01,-1.681783239920275619e-01,-1.545087195097925026e-01,-1.876710676952347140e-02,-2.041007288146762522e-01,7.023778418142130608e-02,1.903430890001895082e-01,-1.321135185750982877e-01,-1.397813165938598667e-01,1.849508417327268006e-01,8.850877679172715340e-02,-1.962556199336614737e-01,-3.983561194500144335e-03,2.224111174572879213e-01,3.334805969911416174e-02,1.838053354498104253e-01,3.295703940142206273e-02,-3.484656435616413639e-02,2.131505100542461228e-01,8.637586532590664501e-02,-1.240025265837441104e-01,6.351250484212403458e-02,2.143708610042016904e-01,-2.202005854504874433e-02,-8.214789629204738430e-02,1.610736632775982002e-01,1.892827495894466583e-01,-1.195713409540576644e-01,-6.788948878219895622e-02,1.414344123548025300e-01,4.418694813610482552e-02,3.370938227272047422e-02,-3.335314432488668129e-02,-9.948557161744746302e-02,-1.208181309983517582e-01,-1.229382306995336627e-01
-2.919489682603481837e-02,-9.335786984565472291e-02,-6.052777215295442742e-02,1.558421201853400495e-01,1.161061446230316901e-01,-2.348000802067424023e-02,-1.486159923993266539e-02,2.296327673393084856e-01,-3.016447472022251719e-01,1.786421553999954226e-01,1.000000000000000000e+00,9.517146674377144344e-02,-1.289146306739670234e-01,2.220151006012351658e-01,3.595830149114013774e-01,3.984635298362561584e-01,-1.824885846435339298e-01,2.910207080989355988e-01,5.299141309609562978e-01,4.553559164473211518e-01,2.153518423795784120e-01,-5.998462896238176967e-02,3.054650119484167425e-01,4.006573349546063006e-02,-4.688439906145290270e-01,1.665879981265450463e-02,2.111403709247562377e-01,-1.802108300205200186e-01,-5.715810813612744179e-02,-4.151278147619958392e-01,-6.469077659721837736e-02,-3.328202436533412856e-01,2.765212279118229362e-03,-4.623466023192002172e-01,-3.197590817390638107e-01,-2.511811385944083819e-01,-2.748579261438840460e-01,-1.989547068849555900e-01,-2.158180768831111929e-01,-1.727610281513956014e-01,-4.232501544965085877e-02,-1.044281541077784897e-01,-2.299088607948152341e-01,-6.204498014129668920e-02,8.315362400774914745e-03,-2.121224267574787960e-03,-1.963382637885226212e-02,-2.153754800289536531e-01,-4.088050830680573997e-03,-1.772810489723441740e-01,-2.238790144475077959e-02,2.549503814737564822e-01,-6.528471003510309678e-02,1.556394276373506726e-02,7.237612150881811424e-02,2.070528613167685883e-01,-2.002476858152765216e-01,-7.059821279611737388e-02,3.127952267095500116e-01,2.506811505472031354e-01,2.679215161173943982e-01,2.751954442211194674e-01,1.838992097805806636e-01,8.252036182076304127e-02,3.046276680315811169e-02,2.221691519300529605e-01,-8.126956314732085296e-02,-7.585529585930075869e-02,2.222244120732807804e-01,1.352485038281175944e-01,-1.249192489662874217e-01,3.312478691037475109e-02,2.405516854532612214e-01,1.791633884388891401e-02,-1.032961550911961623e-01,1.447862675920434938e-01,1.905188346952625400e-01,-8.140000446989995031e-02,-2.544661159392421282e-02,3.409722614781322825e-02,-1.990404900769087992e-01,-2.295334358855491697e-01,-1.527797367961911124e-01,-2.213679722744645029e-01,-8.739532015787535024e-02,1.408090382278765484e-01,-5.079031622329582829e-02,-2.414433373746515121e-01,3.542085908004394268e-02,1.386857117863439237e-01,-1.749750555756912906e-01,-1.642898251023998946e-01,1.505076270739886812e-01,4.476193764875188719e-02,-2.114005074904296011e-01,1.144007577418414134e-01,-5.839958773222633098e-02,1.380372973650780821e-01,4.620462298116748828e-02,9.128691422623759488e-02,1.638229345065870535e-01,5.725825220785497882e-02,4.713123522971839063e-02,1.450320405302518989e-01,1.388999129127542476e-01,3.640685595092212068e-02,1.100311519838913649e-01,2.109826014236018954e-01,-3.150179263915040689e-02,7.001880327476334154e-02,3.581205153378176544e-03,-9.954320112411817190e-02,6.358397211243602132e-02,-1.403109975734446145e-02,1.647551299748380551e-03,-3.247089592926012680e-02
3.992915501801229568e-03,1.657858365041085524e-01,1.794211097327986504e-01,-8.485235344897858797e-05,2.517666041198601823e-01,2.876963301513728588e-01,1.513327381979028829e-01,3.467770927452523688e-01,4.482291822339503073e-01,-2.896248003055766906e-01,9.517146674377144344e-02,1.000000000000000000e+00,2.339714976366788768e-01,-2.331142064283742432e-01,5.677639449431259172e-02,-3.038018927223420373e-01,1.862674593909226517e-01,3.863560599612953506e-01,-4.874800913391880847e-02,-3.931459740238025385e-02,-8.760101767343750345e-02,2.377660936392225408e-02,2.735846922964667582e-01,1.632802827729581407e-01,8.483801019683846756e-02,3.813859930005153998e-01,5.544636896406814897e-01,5.564606727925622276e-02,5.265716945746448108e-01,-8.074116432610546623e-02,-3.614848017616433817e-01,-3.090058100224796767e-01,-1.246058702266332890e-01,-5.522427215008116619e-01,7.157988053016368923e-02,2.479410319913613325e-01,-2.250847931944636310e-02,8.024067249573053895e-02,3.426262856540166490e-01,-6.580980419299223977e-04,1.086624492082935434e-02,-2.017135540117823839e-02,1.602508195908033256e-02,1.385542031123209727e-01,3.848975497783140715e-02,1.057538955369366901e-01,-7.011871660583836319e-02,6.562062129123009957e-02,1.264148475264192939e-01,-1.008149378729514822e-01,-2.726049819974066604e-02,2.785466611470022516e-02,-2.233451748848127097e-02,1.557296942465589973e-01,-3.512421006928735656e-02,-2.390226778783604948e-03,-6.321429826630727000e-02,-2.338402067832923148e-01,6.003199894531088820e-02,2.285559374694839663e-01,2.138290041104547456e-01,2.301805008759452362e-02,-1.268952125277926224e-01,8.833781260678517933e-02,-4.721658236239449635e-02,1.325026009587267246e-02,1.111603139820663833e-01,7.735340775832934279e-02,-1.275346073396848787e-02,4.403345214373658584e-02,1.239725099726117080e-01,2.354949686071244191e-02,-2.115249119727440411e-02,8.861947730009088475e-02,9.728804216172107222e-02,-1.879994825399275080e-02,6.487257663654358644e-03,1.254996837337391258e-01,5.422435676867833065e-02,-5.314496713426308805e-02,7.167593533935590067e-02,-2.435941959801063775e-03,9.238489157885620973e-02,-2.459734034455254847e-02,2.226453605629259008e-02,-8.584898831213422232e-02,-9.525779544448707836e-02,-4.073000488034500197e-03,-1.074983608510615175e-02,-1.088273251200768954e-01,-6.159356328818484799e-02,2.206223643791539041e-02,-4.310366731185465844e-02,-1.105597713572481766e-01,-3.635961014627425020e-02,1.179114597775714375e-02,8.009160766698386613e-02,1.143786075824019532e-01,-4.170857459779204329e-02,-1.103472188499963064e-01,7.906450866553298151e-02,8.239332437723877189e-02,-9.968917443238871356e-02,-4.893874916881003900e-02,1.143387900432723120e-01,1.666215265245353169e-02,-1.317026324056717046e-01,9.764246134723115339e-03,1.520854540311975256e-01,3.603144502843265429e-02,-1.079026297142060692e-01,5.912906500725009090e-02,1.280468112547721027e-01,1.080287748316767632e-01,-3.288789978517540208e-02,-4.467646573789416792e-02
2.660457961383437195e-02,1.453381888576244785e-01,2.324947696318424573e-02,-1.642182778494206685e-01,-7.256462354457268726e-02,2.274684164112408032e-03,-2.174826399421986300e-02,4.661848855697438287e-02,5.532609334630606002e-01,5.374421001472790005e-01,-1.289146306739670234e-01,2.339714976366788768e-01,1.000000000000000000e+00,1.280745265912017761e-01,6.106953560053773183e-02,-4.224416413773524059e-01,-1.875607049906807267e-01,2.646880776444510142e-01,1.307171122790552753e-01,-3.946377540076013157e-01,-4.724716948013927831e-01,-5.446569759125268195e-01,-3.579404479694482943e-01,-2.287651143308897239e-01,4.211736089942830219e-02,1.258075449501617760e-01,2.543788586585699063e-01,2.943652034768352022e-01,2.208701193149548991e-01,-6.409504191214236701e-02,1.435406147273923516e-01,-6.667323061074213741e-02,-5.020896180298856093e-01,-2.431887710615118076e-02,3.891081898691750585e-01,-6.461562427601778846e-02,1.529496582328159493e-01,1.082395740756073033e-02,1.080070884149324922e-01,-4.990169413686449534e-02,2.293769968046580621e-01,1.018762217120741803e-01,-1.569563019670086254e-02,-4.764922045856590654e-02,-6.389994240727210617e-02,6.208561077161537517e-02,-8.779367306550135697e-03,2.248323385779455730e-01,2.622399489226064362e-01,4.372447280629355310e-02,1.396045406887914085e-02,1.268869414679369145e-01,1.984309312903724254e-01,1.922031036996398601e-01,1.945505390431980508e-01,8.493031039877492472e-02,2.392243571112339928e-01,-1.427551354184570520e-01,-1.061086584224820717e-01,8.501813805120468637e-02,-1.852124442480558020e-01,7.120806522427042262e-02,-1.859142407951450138e-01,-1.999154419122559923e-01,-1.684665491450831054e-01,-1.418988609024156022e-01,-1.780697306296283866e-01,1.251732459632151906e-01,6.838361252249146316e-02,-2.227049408636429251e-01,-7.284787012241243642e-02,1.679577227292753661e-01,-4.059890455692520550e-02,-2.316852126606829543e-01,4.885505001794181873e-02,1.529163190993274579e-01,-1.611894397940904222e-01,-1.496662459963415126e-01,1.744524424745337587e-01,2.498596540524011811e-01,1.509438668119313619e-02,-7.159351551113574130e-02,-5.753117492969434671e-02,9.306185185674364924e-02,-1.895963816790463830e-01,-4.235344049673864242e-02,2.166334242036558333e-01,-2.637025678916147045e-02,-1.988047852456088227e-01,8.719867778297496486e-02,1.839444188202110642e-01,-1.284569144663848805e-01,-1.218518394988970521e-01,1.842484120856720531e-01,1.508828891945572792e-01,1.558706728736109215e-01,1.173269222753431235e-01,-7.055877042696143131e-02,2.108523503238371177e-01,4.301406539376649921e-03,-2.069857720938272083e-01,7.769896366738092419e-02,1.871604975822304950e-01,-1.265149408582312007e-01,-1.293569548724757545e-01,1.802371395111887487e-01,1.098282262700359946e-01,-2.317687067087016994e-01,-4.737404800875228555e-02,1.673047886910111470e-01,-9.800402834417050804e-03,1.241611245158948384e-01,5.479609604103653775e-02,9.554065923518723774e-03,-1.156737873060286054e-01,-1.270638868835769208e-01
