1.000000000000000000e+00,3.716376814955210661e-01,4.572868013641854246e-01,1.758561277744340179e-01,1.494308516645384832e-01,2.070759169113345621e-01,1.572160379365211136e-01,1.159202850702415050e-01,1.478746778672510864e-01,1.430887693405075156e-01,1.179051386445331973e-01,9.889985221138720972e-02,1.059569628894142801e-01,7.299344457475567816e-02,-7.710024478351464039e-02,-2.542242197093107919e-02,6.188514669907673599e-02,5.351614819651976523e-02,-4.330610562435426719e-03,7.466277215081217056e-03,5.766671945508981129e-03,3.988505130416293912e-03,2.189972650572412013e-02,2.118099256029609689e-02,9.771328303194104503e-03,1.951925748707137101e-02,9.957635660668753483e-03,1.317541851349929120e-02,1.094169992346652638e-02,1.929769215559745633e-03,3.327893444026635422e-02,-3.416159384939488047e-03,7.312701912568463081e-03,3.697055982584470518e-02,2.633545761770067842e-02,2.381606245959335452e-03,7.301154096777618058e-04,1.652851205241541790e-02,1.082323563189188133e-02,3.201813606805271190e-02,4.133518001969004908e-03,-1.064896696679511461e-03,7.566552402164940933e-03,1.635784052618739423e-02,1.404173363233834383e-02,5.741984936926266929e-03,-2.057420878415123101e-03,5.798486408590517588e-03,-1.662831472483979056e-02,-4.394438096145024744e-03,4.500481770120470619e-03,-2.950905396059073753e-03,6.161151976281731800e-03,9.948020010136220115e-03,6.086215136830220619e-03,-1.926643237349778826e-02,-3.284955060248171462e-03,4.934332541824859759e-03,1.541112497416250240e-02,9.768274392089973737e-03,7.289824622126610081e-03,1.365919892670462883e-03,6.251030456981586988e-04,8.621843953838737723e-03,-2.722591898959936599e-02,-1.794183162853263619e-03
3.716376814955210661e-01,1.000000000000000000e+00,2.677395341752663582e-01,1.804224834439411840e-01,1.953678565770908537e-01,1.895285659568015368e-01,1.919827891267442133e-01,1.147754952648197685e-01,1.256867222411357510e-01,1.753019539371342972e-01,1.210381504639649469e-01,9.052530901546743114e-02,1.134898628631257622e-01,7.068319666420541658e-02,-6.413915175649452516e-02,-7.720285356125284985e-03,7.674706154899635369e-02,4.833326774921611196e-02,1.959300297570837086e-03,1.145728443970151812e-02,2.044406720418648696e-02,2.110096912959374960e-02,1.965274807249276640e-02,2.097091580049191550e-02,1.749425014052714486e-03,1.318663623012989068e-02,5.265061331939026312e-03,-3.467343651001937588e-03,5.298970989741901352e-03,-3.287083522626791342e-03,5.075200392677284983e-03,-1.273731687429195333e-03,9.124578276541199170e-03,3.643928539242527465e-02,1.112311828769077006e-02,-4.486487834265646957e-03,-1.713279712205604405e-02,1.989671812070823061e-04,-1.063485317374862626e-02,1.671667671900835261e-02,-4.384724454304221412e-03,-6.809640457053327961e-03,8.475062686731154801e-03,1.900491506807516079e-02,1.774822310193548483e-02,7.669687557847055560e-03,4.120709443893268891e-04,1.741432924560834886e-02,-5.279369143473902799e-03,-8.309955986233977243e-03,4.091295089506992097e-03,-2.851139462622729118e-03,6.748852884967208301e-04,-4.110843831814416267e-03,7.786249436903215290e-03,-7.589075627349451715e-03,-5.580640471789662452e-03,2.495053367293287305e-02,1.320161436352058730e-02,1.233856313392129971e-02,4.866852166267568794e-03,-4.732912073451684548e-03,-1.401312636082648402e-03,-1.091398130098617837e-02,-2.861880101652575920e-02,-4.845903684298844515e-03
4.572868013641854246e-01,2.677395341752663582e-01,1.000000000000000000e+00,3.094657556121489517e-01,3.189279088504180515e-01,3.541784403440735862e-01,2.831084330438428109e-01,2.199267560533347543e-01,2.104149373228564046e-01,2.455646114686506343e-01,2.052768335431464919e-01,1.407021573505340128e-01,1.707119600575845719e-01,1.377940258489619707e-01,-9.109912749237793206e-02,-3.809161995553881491e-02,1.315500714002326710e-01,9.782164345268480610e-02,1.306492582974609629e-02,4.704531124368459966e-02,3.500626829900891496e-02,2.741850185224551859e-02,2.202114325328698857e-02,3.470378412376368821e-02,2.050129838603936480e-02,3.351869073618855138e-02,4.607348977344236790e-02,3.671254959813039648e-02,3.451899486687346613e-02,3.402573974649553828e-02,4.761741218822591881e-02,9.594717358795011499e-04,8.922839383484586218e-03,4.509690628883002150e-02,2.929181105630216872e-02,-3.620848143625153299e-03,-1.928838636417354660e-02,1.921362232363436028e-03,2.546891682428314638e-02,6.125208463483659133e-02,2.910199754583024136e-03,-8.327768450648044204e-03,4.751679509697777880e-03,1.082252320788454000e-02,1.129046563090057957e-02,-1.031956593735285782e-02,-1.639961136484437837e-02,2.314805622871599772e-02,-2.164730175965827799e-02,-6.344433929041663929e-03,1.840693861443092874e-03,-6.745299591880742074e-03,2.881473718231193550e-03,1.311469467553101620e-02,1.692360895077646768e-02,-2.725891799653607471e-03,8.539365739266901317e-03,2.389415090604564418e-02,2.732198545310407164e-02,4.590866256912382731e-03,-2.807804048278506742e-03,-1.456775318174344941e-02,-1.113758644221351200e-02,4.590454081734628503e-03,-2.710351622293183035e-02,-8.806611423898280948e-05
1.758561277744340179e-01,1.804224834439411840e-01,3.094657556121489517e-01,1.000000000000000000e+00,3.310771887446016803e-01,3.803444487499526572e-01,4.960124745904710974e-01,1.974298099776906623e-01,3.046064103015111435e-01,4.444345822392716805e-01,2.441943014218843355e-01,2.222378326977990370e-01,2.853284177308219038e-01,1.385247949938371026e-01,-1.855534565516284429e-01,3.499811411445686356e-03,2.096374089924289974e-01,1.171741986232628929e-01,1.769132153271543717e-02,5.065053265816416711e-02,4.426413800447751706e-02,2.358817929331337784e-02,2.234324683310088058e-02,2.293132914013124371e-02,1.375168874914414058e-02,4.811209698454999711e-02,5.650584462538768560e-02,4.673293619360803508e-02,6.014766364635865115e-02,6.209440482034197378e-02,4.550147330805290324e-02,2.588661705995895859e-02,2.675508101436628247e-03,3.811171546237312330e-02,4.581557341022649693e-02,1.698231364939033552e-02,-2.720783157543489594e-03,-1.478240773320744052e-04,1.817619667318049956e-02,3.588493476572621188e-02,5.188859362543236410e-03,2.613522841741983474e-02,2.908353848937398484e-03,5.511413574376272835e-03,2.835137741078399762e-02,1.864685737820626077e-02,1.438456141910291787e-02,3.845265575271963193e-02,1.067015587820244714e-02,1.844935968936926504e-02,1.482415262733179431e-02,8.239389685775044131e-03,3.358229811281735616e-02,2.094115710447052095e-02,2.856072480158942245e-02,2.180101003326176054e-02,3.949390338013638452e-03,-1.189085259213940385e-02,1.416296006069275512e-02,-2.168094323422387407e-02,-3.856675573445142148e-05,-1.816902976018091101e-02,-2.670242806839900201e-03,1.128181964155222129e-02,9.378041008544687465e-04,1.393150135924655850e-02
1.494308516645384832e-01,1.953678565770908537e-01,3.189279088504180515e-01,3.310771887446016803e-01,1.000000000000000000e+00,3.553557045516731461e-01,4.602512369505369905e-01,3.897081141049645314e-01,1.295340976993137605e-01,3.575946737301626266e-01,3.131955990983226190e-01,1.186234494692280372e-01,2.812621164396513218e-01,1.958246768325027920e-01,-8.850701465857735428e-02,1.530655267090629858e-02,2.489250142148655698e-01,1.268432356418252860e-01,4.020352556719314352e-02,6.884713234080221123e-02,5.571073638662633193e-02,4.777633977802423632e-02,2.354839412106284752e-02,2.987881810849834716e-02,7.720607190663471980e-03,2.925298446952402653e-02,4.673423565959086007e-02,4.138724584512172566e-02,3.521345065855357309e-02,2.720001762151536689e-02,3.093732757091870525e-02,-7.268770377835842393e-03,9.161548378323605343e-03,5.307429522785098858e-02,1.956442694496681595e-03,-1.012600247943809539e-02,-2.603572770405903139e-02,-3.045538134322840068e-02,-7.184227221853064192e-03,3.206275902144384293e-02,-2.449841702223559334e-02,-1.471835576693882736e-02,-6.848539499134179143e-03,-1.432401719429237004e-02,7.261083021051525747e-03,-6.152127920690468599e-03,-8.182688223764665245e-03,2.348316719642507336e-02,-2.417390230753733993e-03,9.880124208030314440e-04,7.565122278263234148e-03,5.421054802952736222e-03,1.555822427025829041e-02,2.304990659883690909e-02,1.109402372613200842e-02,5.778708544121416782e-03,1.473330539672958878e-02,2.494471309707112575e-02,1.360932777969256144e-02,8.591242245336251984e-03,2.112117487402715224e-02,1.363865185617742747e-02,9.949964346656039321e-03,1.657263033866518756e-02,-1.473407967423452994e-02,8.512242831574775778e-03
2.070759169113345621e-01,1.895285659568015368e-01,3.541784403440735862e-01,3.803444487499526572e-01,3.553557045516731461e-01,1.000000000000000000e+00,3.943995856988167237e-01,4.364099357771284993e-01,4.753961298971736693e-01,3.219317586537067122e-01,3.669666690953203858e-01,2.470563128278961962e-01,1.874802396243530067e-01,2.913792777818913216e-01,-1.148288449518341525e-01,-1.437266245498907136e-01,1.837255806710960948e-01,1.121004921735330312e-01,1.337273444498498359e-02,4.119952959874503828e-02,4.032693408104656013e-02,3.799650825217323197e-02,5.508560721539486164e-03,2.313083829108747783e-02,1.388735062170982221e-02,4.374157843594233402e-02,8.363585342373393294e-02,4.456973080453678626e-02,6.438059448743910229e-02,5.068202947094185146e-02,5.427370292494745896e-02,1.355219369233752642e-02,7.993773361519455889e-03,6.363547532485501479e-02,4.350625043007030901e-02,5.167794126518716891e-02,1.117240318698636305e-02,2.668039516944895181e-04,2.258970675056124269e-02,4.457229528630809318e-02,-4.659535952951590274e-03,-1.754497530210087641e-02,8.663302042005535664e-03,8.449721967355952601e-03,1.942204804092587112e-02,-6.316558113082282148e-03,2.245744291793190864e-02,3.749508025956266311e-02,3.262890746641753260e-03,3.399872959747354817e-02,4.734223161911210731e-02,1.194511629178004672e-02,3.746180625316559987e-02,1.256305861146524497e-02,1.746237944421190347e-02,1.293610573081001996e-02,1.220219477469373405e-02,1.693568181299454425e-02,1.649160836012202600e-03,-1.252786280513650680e-02,5.276585358329955421e-03,-9.697751589832229180e-03,-7.699254765897084463e-03,2.633925020582218030e-02,5.988999354912119067e-04,1.104844966741518747e-02
1.572160379365211136e-01,1.919827891267442133e-01,2.831084330438428109e-01,4.960124745904710974e-01,4.602512369505369905e-01,3.943995856988167237e-01,1.000000000000000000e+00,4.069872946125053237e-01,3.738429477170519544e-01,6.899779070984369822e-01,4.188207139779197563e-01,2.764271728644941972e-01,4.345244297306189440e-01,2.511109045824731489e-01,-1.990385375121919431e-01,2.251687787416696909e-02,3.608418175368714453e-01,1.611129851522258294e-01,5.356484872672154229e-02,8.883439501505241420e-02,4.119288069004282959e-02,4.705635289958495782e-02,3.418783223991183479e-02,4.008795407716590764e-02,7.407225864649209790e-03,6.586037802845243205e-02,7.858808850537665758e-02,7.570610911790348618e-02,7.043265388692349083e-02,7.420192243420724310e-02,5.452813886283095629e-02,1.829144781426592439e-02,6.772147988666329423e-03,3.947170848385254255e-02,3.156354391213241767e-02,1.168119088317521453e-02,-1.658253460955866690e-02,-2.591464602281137036e-02,-8.847811953939105356e-03,4.108299398853011014e-02,-4.813610723047157154e-03,3.449973717878575263e-02,6.174899027938243919e-03,2.691384303649951761e-03,3.810880400894011560e-02,2.397248769226754950e-02,3.786643970226390848e-02,5.642549045889308501e-02,5.523553960058722248e-03,2.355944740718989017e-02,1.748786165044191251e-02,8.880219137682920580e-04,3.304351048993849765e-02,2.713429696769239716e-02,1.408014356204627046e-02,2.167078758482793646e-02,1.211770331167720538e-02,-3.768302877488595957e-03,1.323794862035845149e-02,-6.450217122471960801e-03,1.574467575723579454e-02,-3.417441297246930857e-03,-3.064993333719239973e-03,7.889652289704389421e-03,-6.190698239322537169e-03,2.701924518812698003e-02
1.159202850702415050e-01,1.147754952648197685e-01,2.199267560533347543e-01,1.974298099776906623e-01,3.897081141049645314e-01,4.364099357771284993e-01,4.069872946125053237e-01,1.000000000000000000e+00,3.775214784932695022e-01,2.719960198156721187e-01,5.336984064256136140e-01,1.756273170950163331e-01,2.259348321234870005e-01,4.311043523142224498e-01,-1.565312123611630607e-02,-1.838245450718673790e-01,2.701854418919901191e-01,1.625479349289579711e-01,6.085399566532793958e-02,9.791622443466398151e-02,7.218225584444505627e-02,6.608648714370375654e-02,1.497713021636446276e-02,1.280859281527242134e-02,-6.998794185619443449e-03,3.996826996710799856e-02,8.212628386192642738e-02,6.722606516502738216e-02,5.327191007868083139e-02,5.272752713355077087e-02,6.534990001331782150e-02,-6.931974328285674287e-03,9.089391556589701895e-03,6.808333084803096236e-02,1.452903421696109462e-02,2.923577471872594591e-02,7.239258970499914958e-03,-1.501748596740084575e-02,-1.396061542064133167e-02,2.292100937788911150e-02,-3.643902622220174942e-02,-2.228719006854830778e-02,-2.418712083399517272e-03,-8.631257415367086247e-04,2.625456763761721546e-02,1.450254313013448057e-04,1.610187767032609726e-02,5.189037789812266793e-02,7.752016722885923458e-03,3.428502911042755064e-02,4.406332025667918789e-02,3.511303031055379529e-03,4.571388472751784782e-02,2.804260941852660186e-02,1.908365993660321100e-02,7.093467130328996728e-03,7.683966628530393070e-03,1.450327074715621577e-02,-5.748783866796176867e-03,-1.352323461907993952e-03,2.292396380654450339e-02,3.640184457143619810e-04,3.025386716073226890e-03,2.223448225681588092e-02,7.117079828326486508e-03,5.419622166267795563e-04
1.478746778672510864e-01,1.256867222411357510e-01,2.104149373228564046e-01,3.046064103015111435e-01,1.295340976993137605e-01,4.753961298971736693e-01,3.738429477170519544e-01,3.775214784932695022e-01,1.000000000000000000e+00,3.829306653051611220e-01,3.992944203115015855e-01,3.702614223650165792e-01,1.841367490181812505e-01,3.188543059634255661e-01,-2.122515749813371488e-01,-2.299147214291842878e-01,1.448299315377674923e-01,6.907443615320607577e-02,-1.995963016534024054e-02,3.447950024679072994e-02,3.755502297485103363e-02,1.200399826483812375e-02,1.370818265765936378e-02,1.174477383235221929e-03,-1.192395960650029577e-02,3.577422318993155048e-02,7.397242525037854566e-02,5.055602133730640463e-02,7.126761931733166522e-02,5.334827582069864849e-02,5.227612706498596662e-02,1.738266395678738849e-02,5.898960344393563114e-03,5.185907472271122920e-02,4.068694441448036242e-02,7.173967527481507622e-02,5.576397785190151911e-03,-1.201989898660164001e-02,1.495118697201792968e-03,1.902410858415616579e-02,5.122350815589315175e-03,1.546568142925783783e-02,2.066327952512444360e-02,1.785023178104514635e-02,5.479637027994976178e-02,4.247297325947154562e-02,5.724297914120896058e-02,6.549265777179709425e-02,2.123131498658963057e-02,2.077584295443315673e-02,3.807129925254166408e-02,-2.443912641493951182e-03,3.139190222761843729e-02,-4.372965963699756639e-03,2.134823646176398949e-03,1.860071135143211499e-02,6.315499556555512206e-03,-9.163202195291649671e-03,-4.404376748240649772e-03,-3.734001907062777653e-02,-1.242506438747510884e-02,-3.604734944518351442e-02,-2.762598045357471735e-02,1.342714477527741021e-02,5.556524210415755317e-03,3.451258005350305285e-03
1.430887693405075156e-01,1.753019539371342972e-01,2.455646114686506343e-01,4.444345822392716805e-01,3.575946737301626266e-01,3.219317586537067122e-01,6.899779070984369822e-01,2.719960198156721187e-01,3.829306653051611220e-01,1.000000000000000000e+00,3.803244752958396813e-01,3.622997061457519652e-01,4.943351608499187977e-01,2.084544285580634537e-01,-2.958347858444270173e-01,4.040945234008458398e-02,3.550791491271919065e-01,1.397633970989818619e-01,2.592295014674876261e-02,6.436406596062600738e-02,2.771330654320643821e-02,3.556135274152642800e-02,4.397569983815322048e-02,4.617858893360705930e-02,1.930473878946071045e-02,7.375493599602282735e-02,7.924595643721536742e-02,9.342238101442702780e-02,7.525274853569327571e-02,7.641099368417093862e-02,6.004324035946199262e-02,2.168239084195822466e-02,-3.600592103780771418e-03,3.790612817740551116e-02,4.120195828860002268e-02,2.258691047717881553e-02,-2.434958707387447838e-02,-1.330010615888969384e-02,1.300999867477915621e-03,5.184180803257490422e-02,2.896835597555029278e-03,5.383126458585165558e-02,1.654171152871776462e-02,1.337498910102580263e-02,4.523453660262332504e-02,3.324349303925704796e-02,4.562262112177379453e-02,6.115070791481948265e-02,8.775391954097350178e-03,1.049643843800633289e-02,2.230622086387630803e-03,-1.722379027513692290e-03,1.805047923284580982e-02,1.758573705840994414e-02,5.628543862914867774e-03,2.241188155581559996e-02,7.658804717868028002e-03,-1.006727623318228772e-02,1.036458254310973492e-02,-6.556246175929035178e-03,7.093026093306703181e-03,-5.336673519974244329e-03,-5.698054209759390552e-03,-7.914487046563372513e-03,-1.114829946917502215e-02,1.718041606881659175e-02
1.179051386445331973e-01,1.210381504639649469e-01,2.052768335431464919e-01,2.441943014218843355e-01,3.131955990983226190e-01,3.669666690953203858e-01,4.188207139779197563e-01,5.336984064256136140e-01,3.992944203115015855e-01,3.803244752958396813e-01,1.000000000000000000e+00,3.499914185198750860e-01,3.824104917827816918e-01,6.585475270325465980e-01,-1.202774418825854202e-01,-3.056710227999362983e-01,4.230131568095005234e-01,2.154416565344067780e-01,7.744309716737925176e-02,1.179914701473807476e-01,6.523522855795722830e-02,6.285151599642964382e-02,2.210842157788069084e-02,2.379377075599150779e-02,1.831462606441124075e-02,4.453292803744511585e-02,9.588518041421638383e-02,8.452458619904779091e-02,6.465879340101569894e-02,7.960689505096374408e-02,7.812237928553585065e-02,2.229966940841952502e-02,1.569183881488500978e-02,6.874245243109225467e-02,3.275368244698129150e-02,6.779437403322816080e-02,2.331092791331492581e-02,-5.865977155802015036e-03,-7.409139388602418823e-03,2.364455262802907590e-02,-1.532966629128947218e-02,5.246697045109547427e-04,1.947699111870503444e-02,4.160739284441320428e-03,2.984845781473691173e-02,2.152754349453603680e-02,3.401866533361290468e-02,3.560695228080007491e-02,7.179745827311563404e-03,3.844777683759646736e-02,2.865008239369258927e-02,1.571581924776381881e-02,4.534665109532926702e-02,2.717168473273653614e-02,3.015517651608937838e-02,2.514126380499870014e-02,1.171806097508268363e-02,1.623757058456570725e-03,-7.236110142153101381e-03,-1.227538959415295020e-02,1.612733237505671949e-02,-1.124558137799522642e-02,-9.226167825812836912e-03,-5.343732492655700866e-04,-1.641518065729583031e-02,-1.778696944459805945e-02
9.889985221138720972e-02,9.052530901546743114e-02,1.407021573505340128e-01,2.222378326977990370e-01,1.186234494692280372e-01,2.470563128278961962e-01,2.764271728644941972e-01,1.756273170950163331e-01,3.702614223650165792e-01,3.622997061457519652e-01,3.499914185198750860e-01,1.000000000000000000e+00,3.516312619474074586e-01,2.653079415304224198e-01,-6.581679946617767785e-01,-2.991132143800122600e-01,9.706515953078118097e-02,3.792430280651190588e-02,-1.473770003473800771e-01,-5.491551034591687919e-02,2.839021476465654684e-02,-4.507505385742185955e-02,2.560720814153147687e-02,3.089399530840094069e-02,2.967654498695433338e-02,5.579462129603388748e-02,8.480416179223798645e-02,6.944912738645998840e-02,8.391325976743367610e-02,6.800803942787782275e-02,4.989458635791953200e-02,2.949958371983533306e-02,-3.914980789619753460e-02,1.699561055616702690e-02,5.347488096622424886e-02,4.675201003602627581e-02,-1.786994112115296990e-02,1.474936951356514529e-02,1.349451263703215637e-02,4.740106410177589297e-02,4.421981004677425636e-02,7.040445195403717549e-02,5.789913421495664764e-02,2.261070306596240503e-02,3.219383511398653946e-02,4.355654497115235557e-02,6.726482041192641259e-02,4.359222679779971299e-02,4.890476112322049602e-03,7.120270900487496793e-03,-1.308263307750800368e-03,-1.426528892391912794e-02,1.016975432816148717e-02,-1.022751916695916960e-02,4.525520086586155670e-03,1.867370532827802160e-02,-2.459225215722082858e-02,-2.758340349613490686e-02,-2.025257565877098057e-02,-3.346065940053349896e-02,-1.828210774800742219e-02,-4.330512628329200031e-02,-3.688715383014568028e-02,-2.495783038734622483e-02,-1.986593289723861261e-02,-1.463072593013180211e-02
1.059569628894142801e-01,1.134898628631257622e-01,1.707119600575845719e-01,2.853284177308219038e-01,2.812621164396513218e-01,1.874802396243530067e-01,4.345244297306189440e-01,2.259348321234870005e-01,1.841367490181812505e-01,4.943351608499187977e-01,3.824104917827816918e-01,3.516312619474074586e-01,1.000000000000000000e+00,9.410978214545745457e-02,-4.748623435637579493e-01,2.774566504360610475e-01,5.318868670152842038e-01,1.769892463309255815e-01,4.583011891180676506e-02,7.551293855041117664e-02,5.052296595684756947e-02,6.036685092104378259e-02,9.016391119263836296e-02,1.346031313385032124e-01,1.040962528338886250e-01,1.366708001941893125e-01,9.877661561683573344e-02,1.250260798193200407e-01,7.983993919717047305e-02,8.507995607840705687e-02,9.585893948351437155e-02,2.311082393436626053e-02,-1.136628429677648787e-02,3.780981927122979008e-02,3.860795577660651456e-02,-4.465821083343761606e-03,4.624074890889811945e-04,-4.742433450922747817e-03,8.052700989762738223e-03,5.132329461564912043e-02,-8.025925358962815795e-03,4.634310005045880199e-02,2.185588656305828895e-02,1.140398116721188550e-02,1.973503776938067764e-02,1.196950004109315763e-02,2.621411853327284408e-02,8.696237472554725276e-03,-3.151284879307320735e-02,-2.672776315280748355e-02,-1.575671255304270449e-02,-2.861982300905451318e-02,-2.207268091384510800e-02,-8.623488694281065264e-03,-1.319886659401291532e-02,7.535352632564929626e-03,9.327955469022880183e-03,-7.569234027382882625e-03,1.298026976096610351e-02,6.651723804871393503e-03,1.463666530077179818e-02,1.160338404247212435e-02,1.503223900764786257e-03,-2.439013390504906134e-02,-3.803723811069233129e-02,-3.514322902517288180e-03
7.299344457475567816e-02,7.068319666420541658e-02,1.377940258489619707e-01,1.385247949938371026e-01,1.958246768325027920e-01,2.913792777818913216e-01,2.511109045824731489e-01,4.311043523142224498e-01,3.188543059634255661e-01,2.084544285580634537e-01,6.585475270325465980e-01,2.653079415304224198e-01,9.410978214545745457e-02,1.000000000000000000e+00,-4.186934846157149698e-02,-5.735728015782047828e-01,3.476948899075950061e-01,2.007327042851186627e-01,4.720028271615663018e-02,1.196201945314460807e-01,5.865856264925706220e-02,1.054988073808154486e-02,-5.884428697397001140e-02,-7.012049374053520856e-02,-2.993518374312948566e-02,-4.594483194124834163e-02,1.956966859225926086e-02,2.399143651578616431e-03,1.462905777599879907e-02,1.916818096084707893e-02,2.632793504251733710e-02,9.812941641247983470e-04,-1.918662045212052433e-03,5.569304315894515328e-02,1.325754817215476535e-02,5.711616602227310296e-02,8.569762558307368952e-03,-2.255455534663779790e-03,-3.671322520530754391e-02,-2.089226383692559599e-02,-3.539501999245557584e-02,-2.875545568312689454e-02,9.371524880029789492e-03,-1.078019966454810217e-03,1.182718387426993575e-02,9.412432153562097156e-03,2.073681518300855842e-02,2.084340251435446573e-02,-8.512190780670963357e-05,3.998917802720403786e-02,1.992492616695794999e-02,1.045024893193038582e-02,5.071649976129306847e-02,2.715617927229314540e-02,3.813114352298000581e-02,2.750654013255733263e-02,5.707304667467767538e-03,-8.552104844212406187e-03,-1.353075314146848576e-02,-2.623478626744349743e-02,1.596836894796520865e-03,-3.376857419861525877e-02,-1.678348656210399900e-02,8.560941379865608450e-03,3.470428574518578339e-03,-7.831630357568685613e-03
-7.710024478351464039e-02,-6.413915175649452516e-02,-9.109912749237793206e-02,-1.855534565516284429e-01,-8.850701465857735428e-02,-1.148288449518341525e-01,-1.990385375121919431e-01,-1.565312123611630607e-02,-2.122515749813371488e-01,-2.958347858444270173e-01,-1.202774418825854202e-01,-6.581679946617767785e-01,-4.748623435637579493e-01,-4.186934846157149698e-02,1.000000000000000000e+00,4.335701132785277356e-02,-7.398814999724646901e-02,6.469785777623050793e-02,1.921713006687530145e-01,8.596418735110857023e-02,6.645426147485835461e-03,6.169008178442501877e-02,-7.125459145716958598e-02,-7.709986362995338571e-02,-7.131096122693759976e-02,-1.050203810104331503e-01,-6.754797540021191538e-02,-1.051964920097947509e-01,-7.523275875757746978e-02,-7.855236679894450624e-02,-6.878830999723950512e-02,-1.375255224234260207e-02,4.589548431238454212e-02,1.260491231754664460e-02,-3.592836603507230941e-02,-4.374204974920315944e-03,-1.576184040072758051e-03,-2.222931095311600144e-02,-1.825731697932928693e-02,-5.173293629567522756e-02,-4.976355061510181338e-02,-7.987118027374666418e-02,-5.445168275259571616e-02,-2.263243922648883188e-02,-3.353259386644344420e-02,-4.003328000740924431e-02,-5.239545362455410443e-02,-1.507398214050924105e-02,1.010283973322635177e-02,1.442181030133408808e-02,1.873226646672635984e-02,1.680557367045052222e-02,8.050518211935198121e-03,1.218843937174590372e-02,8.327452394325269430e-03,-1.286977239031501102e-03,2.272112487736022146e-02,2.050511297357195464e-02,1.291760234353230702e-02,1.161327128734739207e-02,1.731610842662393429e-02,1.670332768365318313e-02,2.313822678143374542e-02,4.216278769056777675e-02,4.316957142183767276e-02,2.432596098412279778e-02
-2.542242197093107919e-02,-7.720285356125284985e-03,-3.809161995553881491e-02,3.499811411445686356e-03,1.530655267090629858e-02,-1.437266245498907136e-01,2.251687787416696909e-02,-1.838245450718673790e-01,-2.299147214291842878e-01,4.040945234008458398e-02,-3.056710227999362983e-01,-2.991132143800122600e-01,2.774566504360610475e-01,-5.735728015782047828e-01,4.335701132785277356e-02,1.000000000000000000e+00,1.422877970712184414e-01,9.763063324444511831e-03,1.544834182054077298e-01,3.823687573051520738e-02,1.573898056065602472e-02,9.706616393057443393e-02,8.899909928705793116e-02,1.394993758659270056e-01,7.323573664064261801e-02,8.185087023248704963e-02,1.712155323158132472e-02,2.754070026766370846e-02,-9.948244240672358962e-03,-1.894457258800452204e-03,-3.485547171069171279e-03,9.416227670326918209e-03,2.672758608078079287e-02,-1.321546591565342203e-02,3.913791993721863274e-03,-6.422626116642973781e-02,4.208053462658671584e-03,-3.720204678938910520e-02,1.892502976273866683e-02,2.902219763023578675e-02,-1.691910243892754198e-02,1.982498262917662540e-03,-2.487806638481453864e-02,-3.222462983291876464e-03,-2.024940991210140255e-03,-1.418758050864811666e-02,-3.996638754960885748e-02,-2.865229231129985763e-03,-1.361874423937773325e-02,-3.667426148920450296e-02,-8.509275695874070344e-03,-1.136476968251671354e-02,-3.148184725913970305e-02,-5.770168314715321510e-03,-1.411963367857037820e-02,-9.161100838449435027e-03,1.775926619454625682e-02,1.685131109603775490e-02,2.329212216364848556e-02,3.641868484554999091e-02,1.541162504866823262e-02,4.375294351996272119e-02,3.247588308888379321e-02,-7.437335883996743641e-03,-6.054822722817737590e-03,2.225128278144989508e-02
6.188514669907673599e-02,7.674706154899635369e-02,1.315500714002326710e-01,2.096374089924289974e-01,2.489250142148655698e-01,1.837255806710960948e-01,3.608418175368714453e-01,2.701854418919901191e-01,1.448299315377674923e-01,3.550791491271919065e-01,4.230131568095005234e-01,9.706515953078118097e-02,5.318868670152842038e-01,3.476948899075950061e-01,-7.398814999724646901e-02,1.422877970712184414e-01,1.000000000000000000e+00,1.964778267144333401e-01,1.774447346542260551e-01,1.835779514491484854e-01,5.790756386771064163e-02,7.165775001814456147e-02,1.340427964255247809e-02,4.470767948562614363e-02,4.473503997800493820e-02,5.090256709303404153e-02,3.550424348820687553e-02,4.635097145366205013e-02,7.157265770091725959e-03,4.150588897562002694e-02,5.036628332286000737e-02,1.207775702361221261e-02,1.734320866913435094e-02,4.402707041298457857e-02,4.346449998484769317e-02,-5.172157028035097824e-03,1.166941968869774325e-02,-2.664029813924207249e-02,-2.821395261148742714e-02,-2.890461336627495395e-03,-3.706578923198032560e-02,-1.220637141952092986e-03,-3.528910441083807619e-03,-7.901956369470003114e-03,1.150442307696679899e-02,7.006039939580262915e-03,9.389153352114703623e-04,1.060617994542086343e-02,-2.581022828612180436e-02,1.195187731966200137e-02,-1.310248419117018837e-03,5.883182017112503943e-03,1.139116633367620590e-02,1.346074418948131797e-02,2.244138494968558883e-02,2.073454608316669529e-02,3.683722579289246124e-02,1.712549065345481819e-02,9.160550409347574877e-03,1.789052235842171143e-02,2.985517083675168215e-02,1.693927414427521400e-02,2.878233121303062220e-02,3.064228544497595887e-03,-2.858252163732416876e-02,1.120206532364221609e-02
5.351614819651976523e-02,4.833326774921611196e-02,9.782164345268480610e-02,1.171741986232628929e-01,1.268432356418252860e-01,1.121004921735330312e-01,1.611129851522258294e-01,1.625479349289579711e-01,6.907443615320607577e-02,1.397633970989818619e-01,2.154416565344067780e-01,3.792430280651190588e-02,1.769892463309255815e-01,2.007327042851186627e-01,6.469785777623050793e-02,9.763063324444511831e-03,1.964778267144333401e-01,1.000000000000000000e+00,3.562561211981596920e-01,4.078473111870815071e-01,3.219521999002830648e-01,1.975623669640783064e-01,-1.307623276050379202e-01,-1.212630212228676257e-01,-4.888066473822291758e-02,-1.132385894038325097e-01,-2.154010278908916054e-02,-7.927927976853509084e-02,-5.382477962248175679e-02,-4.536653520871223449e-02,-4.313944428189785824e-02,-3.438513294203227044e-02,1.402909433636977468e-02,3.819246783145448243e-02,1.659067552493017012e-03,-3.159752175577141414e-02,1.655066890915298655e-02,-1.676970627725328164e-03,-5.497072391033001187e-02,-5.091912089457520385e-02,-4.212732317084301459e-02,-3.455968654169399440e-02,3.011608876542329425e-03,1.408481619912833535e-02,1.429261531842327716e-02,-8.002312954151966778e-03,-1.581485820265358597e-02,-1.197728785879517395e-03,1.094544485537571506e-02,3.081045312948036199e-02,7.940262452251886996e-03,1.517464849862844821e-02,1.848414546810101672e-02,1.736711548280270648e-02,2.542351451959397324e-02,1.308080677449610825e-02,1.375568461951715525e-02,3.679729396387072804e-02,3.638108387471657851e-02,3.074387970844323983e-02,1.785546319422885025e-02,1.166641247858538413e-02,1.281800391686391261e-02,-5.660009897457858596e-03,-3.442314834806368701e-03,1.151819063950647141e-02
-4.330610562435426719e-03,1.959300297570837086e-03,1.306492582974609629e-02,1.769132153271543717e-02,4.020352556719314352e-02,1.337273444498498359e-02,5.356484872672154229e-02,6.085399566532793958e-02,-1.995963016534024054e-02,2.592295014674876261e-02,7.744309716737925176e-02,-1.473770003473800771e-01,4.583011891180676506e-02,4.720028271615663018e-02,1.921713006687530145e-01,1.544834182054077298e-01,1.774447346542260551e-01,3.562561211981596920e-01,1.000000000000000000e+00,4.752315463399493511e-01,4.433894651870957937e-02,4.445204400953204349e-01,2.195048288506018519e-02,-3.919193564826067844e-02,-8.459571226316135728e-02,1.690017193008851518e-02,-1.601237885963472871e-02,-3.860197558691099567e-02,-2.727784069835583261e-02,-4.726634477500406967e-02,-2.028050208009462424e-02,-3.138403497132612879e-02,3.510212615498698591e-02,5.392052543428995509e-02,1.359249415114377642e-03,-1.115828513133029255e-02,2.280202483701433691e-02,1.591423567169752279e-02,-1.410214535872090363e-02,-1.641000495972660175e-03,-3.996410376583969803e-02,-4.926712432616262710e-02,-2.104915160712337099e-02,-2.876967246431792052e-02,-1.764844354177837887e-02,-3.607430271456806697e-03,-2.864599744733854411e-02,-1.990374789253587014e-03,2.609227553766407717e-03,5.436012356635847205e-03,-2.909976298897646967e-03,-6.963572467656763479e-03,6.678705823588740667e-03,4.243879207619348504e-02,4.244370316738209359e-02,3.585573369731748228e-02,3.357294809020393983e-02,4.063165600116465381e-02,2.142811134873870080e-02,3.373906855795224397e-02,2.132689512523955333e-02,3.465515862408826558e-02,4.021465639926511543e-02,1.644016755258308551e-02,2.511611175002671174e-03,3.351014610401863159e-02
7.466277215081217056e-03,1.145728443970151812e-02,4.704531124368459966e-02,5.065053265816416711e-02,6.884713234080221123e-02,4.119952959874503828e-02,8.883439501505241420e-02,9.791622443466398151e-02,3.447950024679072994e-02,6.436406596062600738e-02,1.179914701473807476e-01,-5.491551034591687919e-02,7.551293855041117664e-02,1.196201945314460807e-01,8.596418735110857023e-02,3.823687573051520738e-02,1.835779514491484854e-01,4.078473111870815071e-01,4.752315463399493511e-01,1.000000000000000000e+00,3.829553707593584821e-01,3.057600091120207808e-01,-1.371373607022297880e-01,-1.372814173824082606e-01,-6.970648237121696011e-02,-9.169170913821018953e-02,-5.675309330572875233e-02,-6.647827283067597737e-02,-9.836334655608348909e-02,-6.976615419181103617e-02,-2.550451333597488976e-02,-5.464515797957997245e-02,5.422533928269779313e-02,6.439384310336947193e-02,-2.270391704199958491e-02,4.300022764741270875e-03,3.614543843707283821e-02,3.559827590732541486e-02,-3.514656089784409104e-02,-4.108372071322484442e-02,-2.099715868999904589e-02,-3.303836769390650074e-02,4.185222232863173436e-02,1.666455478303193252e-02,7.753027393945936645e-03,1.514728924091183690e-02,-1.910045164336269044e-02,1.131765769644225116e-02,3.970088265903025382e-03,2.005835589094001961e-02,-1.409556514596459545e-02,-9.625544163388290511e-03,1.360266287272413055e-03,2.292794602067340162e-02,3.132575462520493376e-02,2.199415509989111062e-02,2.257094750871125807e-02,1.273446996738446767e-02,7.019873430182610279e-03,1.280665503919996111e-02,8.424316977896743885e-03,1.528381691183510263e-03,1.389451316412491748e-02,-1.359464312970689800e-02,-1.874378420576636173e-02,-6.545769833819032810e-03
5.766671945508981129e-03,2.044406720418648696e-02,3.500626829900891496e-02,4.426413800447751706e-02,5.571073638662633193e-02,4.032693408104656013e-02,4.119288069004282959e-02,7.218225584444505627e-02,3.755502297485103363e-02,2.771330654320643821e-02,6.523522855795722830e-02,2.839021476465654684e-02,5.052296595684756947e-02,5.865856264925706220e-02,6.645426147485835461e-03,1.573898056065602472e-02,5.790756386771064163e-02,3.219521999002830648e-01,4.433894651870957937e-02,3.829553707593584821e-01,1.000000000000000000e+00,1.354185121827298499e-01,-9.382369796582171184e-02,-8.273307090208049941e-02,-8.575236036507766224e-02,-7.371808973788680774e-02,-1.315221570055157170e-02,-8.189690738107217871e-02,-5.923401257094288580e-02,-4.775042179541472143e-02,-3.498536500355772100e-02,-2.301726660108213002e-02,-6.873608407386317190e-03,3.614419167605736893e-02,6.616504801566129058e-03,-5.835417981892201955e-03,4.550411248174486556e-02,-2.890648917322412911e-03,-8.287852107317833505e-02,-6.404630656696178037e-02,-4.288970015242537376e-02,-1.164525177751551607e-02,5.101152843621200444e-02,5.579421179872819103e-02,3.769049159008078936e-02,2.366609720768172304e-02,3.081031467294886514e-03,2.958904828695597261e-02,1.580794113858040653e-02,1.994349425306710111e-02,-1.486569983811108359e-02,-1.121753131167491958e-02,2.652335115419531160e-03,-1.719379922142003775e-02,8.216812513792486408e-03,5.989640685399507183e-03,-6.753199961729375051e-04,1.189245573189060511e-02,3.764956302418839829e-02,3.306775514517640985e-02,2.030429449729317590e-02,-3.558969580871868335e-03,4.124644798524111644e-03,-8.028692588171839825e-03,-1.780574557915435424e-02,-2.032895046116814028e-02
3.988505130416293912e-03,2.110096912959374960e-02,2.741850185224551859e-02,2.358817929331337784e-02,4.777633977802423632e-02,3.799650825217323197e-02,4.705635289958495782e-02,6.608648714370375654e-02,1.200399826483812375e-02,3.556135274152642800e-02,6.285151599642964382e-02,-4.507505385742185955e-02,6.036685092104378259e-02,1.054988073808154486e-02,6.169008178442501877e-02,9.706616393057443393e-02,7.165775001814456147e-02,1.975623669640783064e-01,4.445204400953204349e-01,3.057600091120207808e-01,1.354185121827298499e-01,1.000000000000000000e+00,2.287127536287377749e-01,9.526763425352892389e-02,-1.355890362474215793e-01,1.826990778098717405e-01,1.048891720944175598e-01,5.197197556448603095e-02,6.256463306221629606e-02,4.016303907486403618e-02,4.763287989025220132e-02,-2.692938532282290742e-02,5.085839703892072738e-02,1.028424735307524596e-01,3.145875744617431663e-02,-8.684235629735791509e-03,5.128494712279036555e-02,3.097070049197303207e-02,2.081972526680516203e-02,6.720330426320347827e-02,-1.926167280314992555e-02,-3.689164759439030744e-02,-1.262402183224521114e-02,-2.220843642351437094e-02,-1.648455884247587364e-02,-1.126007750175649427e-02,-2.216643017897900608e-02,-5.170123985033184787e-03,-2.182267910742058392e-02,3.228739038381133342e-03,1.694573906383921476e-03,-2.050416105888261745e-02,9.713036423908444350e-03,3.610382252090475752e-02,3.688001511058754123e-02,4.252631541951426564e-02,2.396089563686051860e-02,4.871687733648748936e-02,3.715195456887376846e-02,3.607515931642034379e-02,1.326870668722609191e-02,3.225495982381580001e-02,3.299677601852157166e-02,2.512662014668863922e-02,1.484301187167922677e-02,2.373775515604003780e-02
2.189972650572412013e-02,1.965274807249276640e-02,2.202114325328698857e-02,2.234324683310088058e-02,2.354839412106284752e-02,5.508560721539486164e-03,3.418783223991183479e-02,1.497713021636446276e-02,1.370818265765936378e-02,4.397569983815322048e-02,2.210842157788069084e-02,2.560720814153147687e-02,9.016391119263836296e-02,-5.884428697397001140e-02,-7.125459145716958598e-02,8.899909928705793116e-02,1.340427964255247809e-02,-1.307623276050379202e-01,2.195048288506018519e-02,-1.371373607022297880e-01,-9.382369796582171184e-02,2.287127536287377749e-01,1.000000000000000000e+00,5.118873214573500530e-01,-3.388574483006417948e-02,4.337183378039390913e-01,7.099995868452856074e-02,1.936471018531764621e-01,1.563843525457836725e-01,8.003957284788970616e-02,8.792332155606778776e-02,3.021075057843327846e-02,-2.196959203752805057e-03,2.270755665657535685e-02,4.522073197619958657e-02,6.055733603925370426e-03,-1.650080240420094546e-02,-8.377297321371927896e-03,5.840593852009825365e-02,1.360227706486241417e-01,4.343592956900680507e-02,5.863566291230430660e-02,-4.979478555497544520e-03,2.036166506697122472e-03,1.122150856087021469e-02,1.985591941018740800e-02,1.541585560462623711e-02,-8.094058042463922464e-03,-2.319072362737901669e-02,-2.057606692281898492e-03,-2.649745511109246731e-03,-1.875694776529017102e-02,-1.934249052524555923e-02,1.324711980640399947e-03,1.158122650057529478e-02,-2.081933148489217844e-02,-2.015782103766474223e-02,-1.541329359388731910e-04,1.800232178697546565e-02,1.983519956409866836e-02,1.523477469390403967e-02,2.886930609886640894e-02,6.251585808946645388e-03,-6.321965862348027758e-03,-9.756435458193978135e-04,4.587943405483990711e-03
