      0.020099916      0.045363504     0.0011095902
      0.020490202      0.045618757     0.0011566715
      0.020880488      0.044870043     0.0010773273
      0.021270774      0.044577124     0.0011056626
      0.021661060      0.043974611     0.0010248705
      0.022051345      0.044481041     0.0010661207
      0.022441631      0.043617182     0.0010499085
      0.022831916      0.043515346     0.0011073736
      0.023222201      0.043609928     0.0011288048
      0.023612486      0.042583954     0.0011404461
      0.024002770      0.042857335     0.0010969979
      0.024393054      0.042922432     0.0016271120
      0.024783338      0.042052867     0.0010077017
      0.025173622      0.042676164     0.0011174455
      0.025563906      0.042442569     0.0010008928
      0.025954189      0.042391657    0.00097616444
      0.026344472      0.041400232    0.00099467570
      0.026734755      0.040821300    0.00099332005
      0.027125038      0.041135102     0.0010177112
      0.027515320      0.040568776    0.00097234317
      0.027905602      0.041132555    0.00096066798
      0.028295884      0.041080823    0.00093407344
      0.028686166      0.039799352    0.00093076313
      0.029076447      0.039858299    0.00095017733
      0.029466728      0.039472752    0.00093980640
      0.029857009      0.039784165     0.0010861455
      0.030247289      0.039490337    0.00094082379
      0.030637570      0.038922677    0.00098733410
      0.031027849      0.039527362    0.00093219228
      0.031418129      0.039295059    0.00089116889
      0.031808408      0.038554996    0.00095245436
      0.032198688      0.038473414    0.00090731622
      0.032588966      0.038071151    0.00092757988
      0.032979245      0.038020009    0.00094095987
      0.033369523      0.038094481    0.00090883082
      0.033759801      0.038257988    0.00093480281
      0.034150078      0.037334233    0.00088651195
      0.034540356      0.036341305    0.00093972962
      0.034930632      0.036451253    0.00086883949
      0.035320909      0.036808108    0.00095090203
      0.035711185      0.036256750    0.00084896881
      0.036101461      0.036039149    0.00089847339
      0.036491737      0.035364898    0.00091320950
      0.036882012      0.036192714    0.00089138294
      0.037272287      0.035789606    0.00091346174
      0.037662561      0.035381632    0.00082035946
      0.038052836      0.034882587    0.00085386141
      0.038443109      0.035050553    0.00082116010
      0.038833383      0.034752453    0.00080846499
      0.039223656      0.034673219    0.00080860342
      0.039613929      0.034108178    0.00074519021
      0.040004201      0.033416206    0.00078231807
      0.040394473      0.033354074    0.00078665950
      0.040784745      0.033542134    0.00075645815
      0.041175016      0.032976084    0.00079776735
      0.041565287      0.032980305    0.00073325496
      0.041955558      0.032710738    0.00075931903
      0.042345828      0.032450445    0.00077009743
      0.042736098      0.032218576    0.00075356967
      0.043126367      0.032537830    0.00076846162
      0.043516636      0.031814682    0.00073158303
      0.043906904      0.031498872    0.00070355859
      0.044297173      0.031412625    0.00073251963
      0.044687440      0.031240009    0.00069589396
      0.045077708      0.031361502    0.00069952566
      0.045467974      0.030828679    0.00073066766
      0.045858241      0.030712167    0.00072342209
      0.046248507      0.030721958    0.00071079459
      0.046638773      0.030076323    0.00078389967
      0.047029038      0.029938231    0.00072374299
      0.047419303      0.030040675    0.00084620338
      0.047809567      0.029701190    0.00067189605
      0.048199831      0.029987759    0.00069755859
      0.048590094      0.029376030    0.00083224730
      0.048980357      0.028970383    0.00071084473
      0.049370620      0.028416193    0.00083111603
      0.049760882      0.028820541    0.00070447151
      0.050151143      0.028262958    0.00085915428
      0.050541404      0.028465698    0.00071690899
      0.050931665      0.028394756    0.00068019397
      0.051321925      0.028145207    0.00072211012
      0.051712185      0.027484956    0.00066311405
      0.052102444      0.027409711    0.00071898398
      0.052492703      0.027179217    0.00069992376
      0.052882961      0.027031480    0.00070328923
      0.053273219      0.027200752    0.00068624076
      0.053663476      0.026908296    0.00066856078
      0.054053733      0.026894524    0.00066985016
      0.054443989      0.026977113    0.00067585926
      0.054834245      0.026451424    0.00065214855
      0.055224500      0.026235308    0.00064714592
      0.055614755      0.026207879    0.00062801947
      0.056005009      0.025577346    0.00063760916
      0.056395263      0.025342499    0.00063484909
      0.056785516      0.025494249    0.00061594343
      0.057175769      0.025365262    0.00064002900
      0.057566021      0.025510371    0.00063170820
      0.057956273      0.024722637    0.00062249025
      0.058346524      0.024700435    0.00061329159
      0.058736774      0.024927571    0.00061346032
      0.059127024      0.024900282    0.00062384958
      0.059517274      0.024110996    0.00059989780
      0.059907523      0.024240852    0.00060592781
      0.060297771      0.024617746    0.00059007258
      0.060688019      0.024318700    0.00060320714
      0.061078266      0.023934360    0.00058126106
      0.061468513      0.023868505    0.00057650671
      0.061858759      0.023214196    0.00059823025
      0.062249004      0.023162822    0.00057643820
      0.062639249      0.022788905    0.00058714144
      0.063029494      0.023103465    0.00057230117
      0.063419737      0.022764064    0.00055924565
      0.063809980      0.022534984    0.00058866337
      0.064200223      0.022342954    0.00055390378
      0.064590465      0.022597855    0.00058036835
      0.064980706      0.022634335    0.00057256220
      0.065370947      0.022408533    0.00054815832
      0.065761187      0.022503198    0.00057161535
      0.066151427      0.022116857    0.00055935565
      0.066541666      0.021860668    0.00055312126
      0.066931904      0.021677638    0.00054123740
      0.067322142      0.021555643    0.00054779930
      0.067712379      0.021559260    0.00053704739
      0.068102616      0.021788730    0.00054117684
      0.068492851      0.021303186    0.00055527652
      0.068883087      0.021034897    0.00053399807
      0.069273321      0.020996633    0.00054940511
      0.069663555      0.020810094    0.00053191552
      0.070053788      0.020706850    0.00052437767
      0.070444021      0.020432635    0.00053711743
      0.070834253      0.020384955    0.00053465986
      0.071224484      0.020050204    0.00051282547
      0.071614715      0.020024295    0.00051608065
      0.072004945      0.019873882    0.00057468828
      0.072395174      0.020333655    0.00054761383
      0.072785403      0.020060756    0.00055382603
      0.073175631      0.019646818    0.00053165967
      0.073565858      0.019466796    0.00050360748
      0.073956085      0.019550901    0.00051636194
      0.074346311      0.019236504    0.00051269493
      0.074736536      0.019501777    0.00054949657
      0.075126761      0.019209146    0.00050706631
      0.075516985      0.018862914    0.00052433280
      0.075907208      0.019061676    0.00054029913
      0.076297430      0.019055643    0.00049464315
      0.076687652      0.019023447    0.00049167494
      0.077077873      0.018710703    0.00056803235
      0.077468093      0.018680194    0.00048054561
      0.077858313      0.018847197    0.00053562519
      0.078248532      0.018429511    0.00045993295
      0.078638750      0.018153489    0.00050654393
      0.079028968      0.018360474    0.00049855139
      0.079419184      0.018306149    0.00048518254
      0.079809400      0.018016299    0.00048962613
      0.080199616      0.018092977    0.00047622522
      0.080589830      0.017933886    0.00049388556
      0.080980044      0.017681837    0.00048804665
      0.081370257      0.017513586    0.00050966437
      0.081760469      0.017661453    0.00052214236
      0.082150680      0.017542896    0.00048160778
      0.082540891      0.017071926    0.00046244432
      0.082931101      0.017387463    0.00047136756
      0.083321310      0.017151018    0.00046199844
      0.083711519      0.017052725    0.00046986995
      0.084101726      0.017319197    0.00045947454
      0.084491933      0.017151621    0.00046919398
      0.084882139      0.017272211    0.00046218446
      0.085272345      0.016936905    0.00046308545
      0.085662549      0.016516717    0.00047164704
      0.086052753      0.016503373    0.00045521708
      0.086442956      0.016602859    0.00045844330
      0.086833158      0.016656209    0.00044955843
      0.087223359      0.016316914    0.00045298723
      0.087613560      0.016430649    0.00043883709
      0.088003759      0.016281084    0.00043749792
      0.088393958      0.016152104    0.00043824439
      0.088784156      0.015970189    0.00044290978
      0.089174354      0.016118808    0.00045243924
      0.089564550      0.015868590    0.00044634747
      0.089954745      0.015922049    0.00046263662
      0.090344940      0.015614267    0.00044318547
      0.090735134      0.015821584    0.00043560300
      0.091125327      0.015789043    0.00043247310
      0.091515519      0.015529276    0.00044180158
      0.091905711      0.015622141    0.00043455805
      0.092295901      0.015598779    0.00044341641
      0.092686091      0.015549914    0.00042491251
      0.093076280      0.015235258    0.00044256022
      0.093466468      0.015289407    0.00047515393
      0.093856655      0.015354623    0.00044422474
      0.094246841      0.014949289    0.00046336929
      0.094637026      0.015126508    0.00041875619
      0.095027211      0.015171086    0.00043199385
      0.095417394      0.014901475    0.00043222736
      0.095807577      0.014694628    0.00043324313
      0.096197759      0.014830563    0.00040673858
      0.096587940      0.014611387    0.00041296464
      0.096978120      0.014916446    0.00041998329
      0.097368299      0.014534151    0.00042332186
      0.097758477      0.014751350    0.00041429259
      0.098148654      0.014656505    0.00041141875
      0.098538831      0.014475259    0.00042399197
      0.098929006      0.014229834    0.00040425415
      0.099319181      0.014261029    0.00041695995
      0.099709355      0.014367304    0.00041224981
       0.10009953      0.014125371    0.00040693153
       0.10048970      0.014331827    0.00041098826
       0.10087987      0.013993543    0.00040935796
       0.10127004      0.014082208    0.00041094973
       0.10166021      0.013951444    0.00040360889
       0.10205038      0.014304963    0.00040915804
       0.10244054      0.014271744    0.00041000916
       0.10283071      0.013800575    0.00040796510
       0.10322088      0.013552241    0.00040146766
       0.10361104      0.013754385    0.00041673019
       0.10400120      0.013609859    0.00042929608
       0.10439137      0.013895725    0.00044380810
       0.10478153      0.013626345    0.00039858208
       0.10517169      0.013626153    0.00041298610
       0.10556185      0.013464055    0.00041667500
       0.10595201      0.013292448    0.00040437814
       0.10634216      0.013409473    0.00039095733
       0.10673232      0.013387308    0.00041542984
       0.10712247      0.013246503    0.00039707796
       0.10751263      0.013369656    0.00041120821
       0.10790278      0.013064722    0.00041986932
       0.10829294      0.013265221    0.00042883522
       0.10868309      0.013257494    0.00041615731
       0.10907324      0.012974196    0.00041417674
       0.10946339      0.012918395    0.00039262704
       0.10985353      0.013098700    0.00039835943
       0.11024368      0.012964730    0.00037959422
       0.11063383      0.013007613    0.00038992150
       0.11102397      0.012865891    0.00040167282
       0.11141412      0.013115942    0.00040204128
       0.11180426      0.012705179    0.00040616581
       0.11219440      0.012734047    0.00037489777
       0.11258455      0.012656265    0.00037714772
       0.11297469      0.012730924    0.00038442559
       0.11336482      0.012735489    0.00038312164
       0.11375496      0.012601100    0.00039855456
       0.11414510      0.012776312    0.00038469217
       0.11453524      0.012592603    0.00047099901
       0.11492537      0.012444348    0.00039071424
       0.11531551      0.012513182    0.00038831342
       0.11570564      0.012581727    0.00038983063
       0.11609577      0.012538636    0.00038830916
       0.11648590      0.012191266    0.00039748786
       0.11687603      0.012109008    0.00039547038
       0.11726616      0.012207073    0.00040136058
       0.11765629      0.011998908    0.00039823509
       0.11804641      0.012159214    0.00041498385
       0.11843654      0.012058597    0.00043917613
       0.11882666      0.012066687    0.00044388805
       0.11921678      0.012186396    0.00042574744
       0.11960691      0.011648422    0.00041010541
       0.11999703      0.011978879    0.00039791243
       0.12038715      0.011897306    0.00038462536
       0.12077727      0.011931661    0.00037621402
       0.12116738      0.012253723    0.00037803148
       0.12155750      0.011928403    0.00038378385
       0.12194761      0.011815830    0.00038466495
       0.12233773      0.011747691    0.00038445663
       0.12272784      0.011726131    0.00037867160
       0.12311795      0.011632903    0.00037431556
       0.12350806      0.011581245    0.00037044715
       0.12389817      0.011508099    0.00036428825
       0.12428828      0.011681164    0.00037085614
       0.12467839      0.011689851    0.00037458561
       0.12506850      0.011573208    0.00037722093
       0.12545860      0.011372509    0.00036858551
       0.12584870      0.011341479    0.00039123672
       0.12623881      0.011354882    0.00036148801
       0.12662891      0.011496614    0.00037103008
       0.12701901      0.011295397    0.00037846320
       0.12740911      0.011430843    0.00036356908
       0.12779921      0.011152761    0.00036572035
       0.12818930      0.011361993    0.00036330966
       0.12857940      0.011305181    0.00036491785
       0.12896949      0.011215346    0.00036153097
       0.12935959      0.011144987    0.00039114734
       0.12974968      0.011273306    0.00037232544
       0.13013977      0.011153089    0.00038068086
       0.13052986      0.011030156    0.00042879432
       0.13091995      0.011301463    0.00038630246
       0.13131003      0.011083364    0.00039811522
       0.13170012      0.010964321    0.00036855478
       0.13209020      0.011116577    0.00036141424
       0.13248029      0.011055958    0.00036960856
       0.13287037      0.011032096    0.00038950764
       0.13326045      0.010982384    0.00037998989
       0.13365053      0.010912596    0.00040418336
       0.13404061      0.010936000    0.00036536956
       0.13443069      0.011044997    0.00038152723
       0.13482076      0.010885559    0.00037740958
       0.13521084      0.010785575    0.00036865398
       0.13560091      0.010781454    0.00036827380
       0.13599098      0.010940062    0.00038201613
       0.13638105      0.010713979    0.00037984668
       0.13677112      0.010711893    0.00036524084
       0.13716119      0.010947139    0.00037372718
       0.13755126      0.010698747    0.00036650014
       0.13794133      0.010786463    0.00036638938
       0.13833139      0.010689634    0.00036678918
       0.13872145      0.010788764    0.00036067718
       0.13911152      0.010516189    0.00037110832
       0.13950158      0.010618856    0.00036378088
       0.13989164      0.010472704    0.00039710589
       0.14028170      0.010879216    0.00038232880
       0.14067175      0.010512635    0.00036877559
       0.14106181      0.010499883    0.00036653667
       0.14145186      0.010671666    0.00036187007
       0.14184192      0.010458628    0.00040111457
       0.14223197      0.010222652    0.00037495855
       0.14262202      0.010312616    0.00036814570
       0.14301207      0.010519431    0.00039471460
       0.14340211      0.010294722    0.00036363917
       0.14379216      0.010224780    0.00036677162
       0.14418221      0.010503287    0.00035536915
       0.14457225      0.010513000    0.00036420640
       0.14496229      0.010349884    0.00036056129
       0.14535233      0.010314720    0.00036070974
       0.14574237      0.010344094    0.00036457726
       0.14613241      0.010123827    0.00036644669
       0.14652245      0.010225703    0.00036482043
       0.14691248      0.010270335    0.00038077883
       0.14730252     0.0098315784    0.00042096849
       0.14769255      0.010157273    0.00037918337
       0.14808258      0.010239233    0.00035896537
       0.14847261      0.010145954    0.00037203437
       0.14886264      0.010018912    0.00035783569
       0.14925267      0.010259627    0.00035884921
       0.14964270      0.010157166    0.00036215930
       0.15003272     0.0097147151    0.00038016046
       0.15042274      0.010033574    0.00036415139
       0.15081277      0.010135365    0.00036171782
       0.15120279     0.0099614171    0.00038019953
       0.15159281     0.0099784163    0.00036409177
       0.15198282     0.0098682561    0.00038014366
       0.15237284     0.0097637336    0.00036182374
       0.15276285     0.0099680437    0.00036571094
       0.15315287     0.0098556757    0.00035270592
       0.15354288     0.0097549943    0.00036316162
       0.15393289     0.0098052815    0.00036073652
       0.15432290     0.0098472494    0.00035952701
       0.15471291     0.0097422080    0.00035075756
       0.15510291     0.0099440168    0.00037160868
       0.15549292     0.0096832641    0.00036010199
       0.15588292     0.0097837664    0.00035886202
       0.15627292      0.010055518    0.00035939184
       0.15666293     0.0099132967    0.00036562317
       0.15705292     0.0099184693    0.00035901726
       0.15744292     0.0099419025    0.00034896746
       0.15783292     0.0098597623    0.00035553504
       0.15822291     0.0095857353    0.00037156642
       0.15861291     0.0097017606    0.00035131316
       0.15900290     0.0097049308    0.00035098206
       0.15939289     0.0098719037    0.00035915235
       0.15978288     0.0096944065    0.00035459800
       0.16017287     0.0096939683    0.00035393259
       0.16056285     0.0098069954    0.00036766647
       0.16095284     0.0097474717    0.00039244488
       0.16134282     0.0096702197    0.00035508425
       0.16173280     0.0096371401    0.00038169843
       0.16212278     0.0094840835    0.00034469644
       0.16251276     0.0095679944    0.00036279648
       0.16290274     0.0093309227    0.00035616381
       0.16329271     0.0097689171    0.00035766773
       0.16368269     0.0095959771    0.00034278796
       0.16407266     0.0095072473    0.00035078172
       0.16446263     0.0094122193    0.00034700876
       0.16485260     0.0094999800    0.00035676088
       0.16524257     0.0095341745    0.00035051671
       0.16563253     0.0092383382    0.00034951191
       0.16602250     0.0094827743    0.00037977981
       0.16641246     0.0094260948    0.00038639244
       0.16680242     0.0092279398    0.00035450244
       0.16719238     0.0092024415    0.00034842891
       0.16758234     0.0092056253    0.00034014194
       0.16797230     0.0095128918    0.00035107318
       0.16836225     0.0093597080    0.00038289609
       0.16875221     0.0092558451    0.00034484735
       0.16914216     0.0092352799    0.00035707508
       0.16953211     0.0094696116    0.00035083921
       0.16992206     0.0092820132    0.00037688745
       0.17031201     0.0091337415    0.00037970944
       0.17070195     0.0091713584    0.00037344014
       0.17109190     0.0092091001    0.00036485904
       0.17148184     0.0092585698    0.00036987610
       0.17187178     0.0093646260    0.00037064692
       0.17226172     0.0093633165    0.00036453455
       0.17265166     0.0091994370    0.00039626424
       0.17304160     0.0094845440    0.00037691665
       0.17343153     0.0091292024    0.00035842860
       0.17382147     0.0093699297    0.00037260241
       0.17421140     0.0093293008    0.00036881628
       0.17460133     0.0090356173    0.00036845929
       0.17499126     0.0092236560    0.00037403144
       0.17538118     0.0090762565    0.00036054901
       0.17577111     0.0088921899    0.00036490372
       0.17616103     0.0091059786    0.00036145122
       0.17655095     0.0092930511    0.00036961320
       0.17694087     0.0091631522    0.00036467437
       0.17733079     0.0089465212    0.00037025689
       0.17772071     0.0088990165    0.00038915867
       0.17811063     0.0088556598    0.00036943651
       0.17850054     0.0089384865    0.00036556069
       0.17889045     0.0090022255    0.00036898638
       0.17928036     0.0090751404    0.00036828585
       0.17967027     0.0091230885    0.00037484069
       0.18006018     0.0090930786    0.00035954055
       0.18045008     0.0089690329    0.00037604476
       0.18083999     0.0088815922    0.00036415663
       0.18122989     0.0087726421    0.00037442803
       0.18161979     0.0089126489    0.00038384152
       0.18200969     0.0088295819    0.00036204905
       0.18239959     0.0088228854    0.00038510813
       0.18278948     0.0088422074    0.00037217078
       0.18317938     0.0092152371    0.00037696697
       0.18356927     0.0087153614    0.00036875893
       0.18395916     0.0087964876    0.00036540751
       0.18434905     0.0085607390    0.00039479036
       0.18473893     0.0088636115    0.00040942485
       0.18512882     0.0088313592    0.00037202016
       0.18551870     0.0086473377    0.00037183562
       0.18590859     0.0089181522    0.00037843521
       0.18629847     0.0088463906    0.00038268705
       0.18668834     0.0088234368    0.00036914177
       0.18707822     0.0083908508    0.00037695541
       0.18746810     0.0088191181    0.00037853344
       0.18785797     0.0087963198    0.00039314356
       0.18824784     0.0088194348    0.00037255356
       0.18863771     0.0084851696    0.00037607819
       0.18902758     0.0083740549    0.00038502919
       0.18941744     0.0088947782    0.00036161315
       0.18980731     0.0084680039    0.00037349640
       0.19019717     0.0087975987    0.00037536515
       0.19058703     0.0086941997    0.00037490286
       0.19097689     0.0086263549    0.00037794586
       0.19136675     0.0084560086    0.00037410387
       0.19175661     0.0086183653    0.00036922459
       0.19214646     0.0086263909    0.00036690376
       0.19253631     0.0085416792    0.00037364634
       0.19292616     0.0084616393    0.00037014893
       0.19331601     0.0085050302    0.00038669355
       0.19370586     0.0087045400    0.00041137807
       0.19409570     0.0085740842    0.00039264369
       0.19448554     0.0086015503    0.00037835850
       0.19487539     0.0085223371    0.00037274506
       0.19526523     0.0086634934    0.00037464202
       0.19565506     0.0084510147    0.00038823555
       0.19604490     0.0087735268    0.00038216916
       0.19643473     0.0087667984    0.00039968428
       0.19682457     0.0083571196    0.00040520432
       0.19721440     0.0087653391    0.00039801096
       0.19760423     0.0086113469    0.00040421577
       0.19799405     0.0086679470    0.00039114899
       0.19838388     0.0081399023    0.00039379431
       0.19877370     0.0084523521    0.00039900617
       0.19916352     0.0085092389    0.00040529931
       0.19955334     0.0082315495    0.00046537709
       0.19994316     0.0083463868    0.00040047408
       0.20033297     0.0086381208    0.00040779686
       0.20072279     0.0085371749    0.00043798375
       0.20111260     0.0083674688    0.00041221823
       0.20150241     0.0086170668    0.00040936248
       0.20189222     0.0087943558    0.00040320736
       0.20228203     0.0083810169    0.00042754371
       0.20267183     0.0086973648    0.00040605244
       0.20306163     0.0084516699    0.00041049268
       0.20345143     0.0084828230    0.00040210028
       0.20384123     0.0082469224    0.00040125355
       0.20423103     0.0083943620    0.00042519277
       0.20462083     0.0081607486    0.00040211281
       0.20501062     0.0081828778    0.00041737857
       0.20540041     0.0084471455    0.00038614459
       0.20579020     0.0083701150    0.00040435600
       0.20617999     0.0081981179    0.00039841442
       0.20656977     0.0082757541    0.00039426622
       0.20695956     0.0081387747    0.00045556156
       0.20734934     0.0081943826    0.00042417414
       0.20773912     0.0080815922    0.00039415972
       0.20812890     0.0080298505    0.00039041008
       0.20851867     0.0082032524    0.00041561100
       0.20890845     0.0083492742    0.00039352893
       0.20929822     0.0083569478    0.00042216675
       0.20968799     0.0081009189    0.00039619737
       0.21007776     0.0086035726    0.00039092624
       0.21046753     0.0081541692    0.00040167537
       0.21085729     0.0082837736    0.00043239678
       0.21124705     0.0079400013    0.00038670907
       0.21163681     0.0082370620    0.00042520742
       0.21202657     0.0082058223    0.00041533063
       0.21241633     0.0081383086    0.00041000757
       0.21280608     0.0081172150    0.00038770088
       0.21319584     0.0081083611    0.00038692387
       0.21358559     0.0079600373    0.00041582768
       0.21397534     0.0080564597    0.00038903369
       0.21436508     0.0082690904    0.00041247952
       0.21475483     0.0081623136    0.00038884700
       0.21514457     0.0081951013    0.00039677033
       0.21553431     0.0079641240    0.00042682354
       0.21592405     0.0080949403    0.00041247360
       0.21631379     0.0081906131    0.00043368736
       0.21670352     0.0080884772    0.00040541168
       0.21709325     0.0081468611    0.00040961350
       0.21748299     0.0079748276    0.00041011717
       0.21787271     0.0079304313    0.00041172821
       0.21826244     0.0080391606    0.00041213816
       0.21865217     0.0082132587    0.00042841305
       0.21904189     0.0078624415    0.00040852095
       0.21943161     0.0082125930    0.00041191086
       0.21982133     0.0083221807    0.00042068527
       0.22021105     0.0078767872    0.00041814393
       0.22060076     0.0080292428    0.00042415325
       0.22099047     0.0080275041    0.00040943936
       0.22138018     0.0079860996    0.00041084659
       0.22176989     0.0082144124    0.00041118901
       0.22215960     0.0082994087    0.00041339617
       0.22254930     0.0080495662    0.00042128502
       0.22293901     0.0079598607    0.00042300411
       0.22332871     0.0078529500    0.00045384417
       0.22371840     0.0078543887    0.00042064976
       0.22410810     0.0077367204    0.00042870604
       0.22449779     0.0079493087    0.00044601372
       0.22488749     0.0081260108    0.00042317204
       0.22527718     0.0080609020    0.00043528167
       0.22566686     0.0080064336    0.00042957560
       0.22605655     0.0078472194    0.00042007999
       0.22644623     0.0080209825    0.00043296302
       0.22683592     0.0076718115    0.00042307620
       0.22722560     0.0078999168    0.00047933139
       0.22761527     0.0077978933    0.00043059695
       0.22800495     0.0076377111    0.00043252275
       0.22839462     0.0079846441    0.00044209226
       0.22878429     0.0079593211    0.00042886544
       0.22917396     0.0077517464    0.00043995753
       0.22956363     0.0077111674    0.00043691037
       0.22995329     0.0077939640    0.00042728076
       0.23034296     0.0080672518    0.00044570389
       0.23073262     0.0076919123    0.00044794940
       0.23112227     0.0077595357    0.00044104222
       0.23151193     0.0077406862    0.00042985307
       0.23190159     0.0080315405    0.00044179551
       0.23229124     0.0079205972    0.00043958195
       0.23268089     0.0076775056    0.00046761756
       0.23307053     0.0078036766    0.00043260574
       0.23346018     0.0078299395    0.00043803928
       0.23384982     0.0079848979    0.00044634620
       0.23423946     0.0080298777    0.00044782965
       0.23462910     0.0077886602    0.00043649942
       0.23501874     0.0076683018    0.00045544979
       0.23540838     0.0076993751    0.00049134691
       0.23579801     0.0078571115    0.00049064605
       0.23618764     0.0077779376    0.00046454523
       0.23657727     0.0074263158    0.00043424526
       0.23696689     0.0077849579    0.00046190780
       0.23735652     0.0078599496    0.00045771211
       0.23774614     0.0076513128    0.00044901827
       0.23813576     0.0076359880    0.00043183720
       0.23852537     0.0078127076    0.00052905502
       0.23891499     0.0076355675    0.00060774528
       0.23930460     0.0076237700    0.00051970627
       0.23969421     0.0077967979    0.00046173276
       0.24008382     0.0077059411    0.00045926318
       0.24047343     0.0075341239    0.00043547551
       0.24086303     0.0075528964    0.00043644746
       0.24125263     0.0077062014    0.00043883247
       0.24164223     0.0075740352    0.00045229743
       0.24203183     0.0074689258    0.00045207985
       0.24242142     0.0076344595    0.00046629763
       0.24281102     0.0076203904    0.00047607350
       0.24320061     0.0078142525    0.00050191147
       0.24359020     0.0076564693    0.00050008357
       0.24397978     0.0076518319    0.00044837404
       0.24436936     0.0078059481    0.00049555788
       0.24475895     0.0077314737    0.00044884291
       0.24514853     0.0077941312    0.00046145474
       0.24553810     0.0077618037    0.00044906703
       0.24592768     0.0078392155    0.00045002061
       0.24631725     0.0074268581    0.00046694501
       0.24670682     0.0076298861    0.00046106956
       0.24709639     0.0074963960    0.00045886442
       0.24748595     0.0076233007    0.00045798939
       0.24787552     0.0075736505    0.00045515394
       0.24826508     0.0078927392    0.00045825600
       0.24865464     0.0076454432    0.00045568023
       0.24904419     0.0075419267    0.00046396613
       0.24943375     0.0075045214    0.00049579475
       0.24982330     0.0075859055    0.00045030515
       0.25021285     0.0076648619    0.00046823154
       0.25060240     0.0071752599    0.00046840898
       0.25099194     0.0074640116    0.00046061946
       0.25138148     0.0075684406    0.00045694616
       0.25177102     0.0076394980    0.00049713209
       0.25216056     0.0074396568    0.00047752801
       0.25255010     0.0076131852    0.00044559285
       0.25293963     0.0076632095    0.00048671748
       0.25332916     0.0075554355    0.00046467090
       0.25371869     0.0077594737    0.00045034270
       0.25410821     0.0076914154    0.00050310857
       0.25449774     0.0073729586    0.00046744850
       0.25488726     0.0074388634    0.00047151594
       0.25527678     0.0074023644    0.00046322174
       0.25566630     0.0075694072    0.00045957475
       0.25605581     0.0071129428    0.00046988659
       0.25644532     0.0074580245    0.00048237556
       0.25683483     0.0075371377    0.00045698380
       0.25722434     0.0077324986    0.00045737929
       0.25761384     0.0074452869    0.00047618749
       0.25800335     0.0076326614    0.00047356559
       0.25839285     0.0070845250    0.00046753177
       0.25878235     0.0073980349    0.00047365900
       0.25917184     0.0075430792    0.00046409204
       0.25956133     0.0075819022    0.00049717229
       0.25995082     0.0077812128    0.00046278684
       0.26034031     0.0072215639    0.00044807416
       0.26072980     0.0075333932    0.00048721637
       0.26111928     0.0076551495    0.00048257997
       0.26150876     0.0072712685    0.00046102719
       0.26189824     0.0073412470    0.00046227203
       0.26228772     0.0070756589    0.00048911139
       0.26267719     0.0072535594    0.00053511607
       0.26306666     0.0075651760    0.00057490066
       0.26345613     0.0073743676    0.00050531803
       0.26384560     0.0072622871    0.00045047738
       0.26423506     0.0076061179    0.00045815634
       0.26462452     0.0072718173    0.00045925251
       0.26501398     0.0071437953    0.00044504737
       0.26540344     0.0074542588    0.00046947023
       0.26579289     0.0074500203    0.00046193167
       0.26618234     0.0077457754    0.00046083566
       0.26657179     0.0071850123    0.00048966755
       0.26696124     0.0072240054    0.00045644770
       0.26735069     0.0072900739    0.00045606379
       0.26774013     0.0073803710    0.00049724407
       0.26812957     0.0072689386    0.00056326236
       0.26851900     0.0072002191    0.00053140453
       0.26890844     0.0075372297    0.00051158084
       0.26929787     0.0074758249    0.00049034428
       0.26968730     0.0072335772    0.00052699327
       0.27007673     0.0071841108    0.00046210414
       0.27046615     0.0077644422    0.00045352305
       0.27085557     0.0071612350    0.00046708783
       0.27124499     0.0071446050    0.00045874825
       0.27163441     0.0073940593    0.00046372768
       0.27202382     0.0071452623    0.00049501733
       0.27241324     0.0071076331    0.00047098279
       0.27280265     0.0074226728    0.00046762655
       0.27319205     0.0072710716    0.00046254464
       0.27358146     0.0071523215    0.00045269967
       0.27397086     0.0072016543    0.00046744507
       0.27436026     0.0072517876    0.00044936144
       0.27474966     0.0073714321    0.00050090362
       0.27513905     0.0072504685    0.00050742121
       0.27552844     0.0071442186    0.00050191193
       0.27591783     0.0074540206    0.00051975501
       0.27630722     0.0072453519    0.00051626035
       0.27669660     0.0069685143    0.00046670568
       0.27708598     0.0073832631    0.00050383382
       0.27747536     0.0074414106    0.00046411872
       0.27786474     0.0071488647    0.00045187001
       0.27825411     0.0073620290    0.00048090056
       0.27864348     0.0073613637    0.00049785058
       0.27903285     0.0072967396    0.00052750252
       0.27942222     0.0072462339    0.00049743927
       0.27981158     0.0070402021    0.00049796103
       0.28020094     0.0073386496    0.00049700810
       0.28059030     0.0071685935    0.00049623122
       0.28097966     0.0073868488    0.00050151526
       0.28136901     0.0067942973    0.00056878951
       0.28175836     0.0069346945    0.00053202905
       0.28214771     0.0073494825    0.00051727741
       0.28253705     0.0071551757    0.00053057071
       0.28292640     0.0072910210    0.00052219020
       0.28331574     0.0068362839    0.00060394271
       0.28370508     0.0072803287    0.00054117308
       0.28409441     0.0073931535    0.00055122026
       0.28448374     0.0072456663    0.00055858829
       0.28487307     0.0072186521    0.00054964398
       0.28526240     0.0073708788    0.00055435475
       0.28565172     0.0072178340    0.00054215967
       0.28604105     0.0071902767    0.00055566011
       0.28643036     0.0068677923    0.00055228796
       0.28681968     0.0072140017    0.00056496151
       0.28720900     0.0069962573    0.00058931998
       0.28759831     0.0073272555    0.00057683947
       0.28798762     0.0071994342    0.00058112290
       0.28837692     0.0070242989    0.00057558895
       0.28876622     0.0068700980    0.00056882435
       0.28915552     0.0070103705    0.00062806344
       0.28954482     0.0074399529    0.00059907747
       0.28993412     0.0072195939    0.00059837348
       0.29032341     0.0067671116    0.00062204672
       0.29071270     0.0070321262    0.00059686983
       0.29110199     0.0071502135    0.00059545982
       0.29149127     0.0073064354    0.00060820226
       0.29188055     0.0074194813    0.00059354828
       0.29226983     0.0071686484    0.00060544979
       0.29265911     0.0071609125    0.00060820182
       0.29304838     0.0070573074    0.00061019345
       0.29343765     0.0070791542    0.00062987944
       0.29382692     0.0070165042    0.00064339633
       0.29421619     0.0071695415    0.00063066336
       0.29460545     0.0071675193    0.00063529303
       0.29499471     0.0073428966    0.00061483055
       0.29538397     0.0073253126    0.00063989509
       0.29577322     0.0071779312    0.00060972862
       0.29616248     0.0071381710    0.00068248965
       0.29655173     0.0071161274    0.00065065389
       0.29694097     0.0074373715    0.00062900391
       0.29733022     0.0072726967    0.00065679380
       0.29771946     0.0067841127    0.00063637724
       0.29810869     0.0071486429    0.00068501638
       0.29849793     0.0068122783    0.00067929485
       0.29888716     0.0069581843    0.00063057765
       0.29927639     0.0070022380    0.00069333808
       0.29966562     0.0069237677    0.00068552442
       0.30005485     0.0071069763    0.00071445444
       0.30044407     0.0067005903    0.00071180268
       0.30083329     0.0068692286    0.00069883736
       0.30122250     0.0068479423    0.00068974210
       0.30161172     0.0063125247    0.00073532131
       0.30200093     0.0071354634    0.00071127974
       0.30239013     0.0069323169    0.00069746666
       0.30277934     0.0066011756    0.00070226441
       0.30316854     0.0070649944    0.00074017024
       0.30355774     0.0068289077    0.00085506093
       0.30394694     0.0069890696    0.00070794593
       0.30433613     0.0070240379    0.00075691502
       0.30472532     0.0068399878    0.00076359886
       0.30511451     0.0067254768    0.00073389994
       0.30550370     0.0070598825    0.00074313752
       0.30589288     0.0071026820    0.00077142790
       0.30628206     0.0071888864    0.00076500646
       0.30667124     0.0072482337    0.00079512896
       0.30706041     0.0069644372    0.00078615405
       0.30744958     0.0068989806    0.00075459372
       0.30783875     0.0067539317    0.00075489283
       0.30822791     0.0064541246    0.00077593569
       0.30861708     0.0073075518    0.00077189641
       0.30900624     0.0069433922    0.00078338339
       0.30939539     0.0069430649    0.00077218004
       0.30978455     0.0069996026    0.00080197506
       0.31017370     0.0069188887    0.00083204794
       0.31056285     0.0076146783    0.00079419759
       0.31095199     0.0070108048    0.00080070263
       0.31134114     0.0063771980    0.00082066199
       0.31173028     0.0074549354    0.00084585110
       0.31211941     0.0070201691    0.00087961712
       0.31250855     0.0062260973    0.00083144160
       0.31289768     0.0066941417    0.00085034634
       0.31328681     0.0071504522    0.00084698151
       0.31367593     0.0064500354    0.00091663767
       0.31406506     0.0071850376    0.00090368170
       0.31445418     0.0063580204    0.00093787199
       0.31484329     0.0065148531    0.00092536098
       0.31523241     0.0067296764    0.00090935918
       0.31562152     0.0068422924    0.00093411538
       0.31601063     0.0069150371    0.00098937970
       0.31639973     0.0068180168    0.00091693641
       0.31678883     0.0068361813    0.00096096255
       0.31717793     0.0070068628    0.00094226928
       0.31756703     0.0062772569    0.00092961205
       0.31795612     0.0067294797    0.00098503761
       0.31834521     0.0070620808    0.00099842337
       0.31873430     0.0067519826     0.0012784208
       0.31912339     0.0060303398     0.0010914010
       0.31951247     0.0070465444     0.0010633108
       0.31990155     0.0063195582     0.0010644542
       0.32029062     0.0062598999     0.0010178367
       0.32067969     0.0065024015     0.0010954829
       0.32106876     0.0068505667     0.0010121239
       0.32145783     0.0071091097     0.0010580555
       0.32184690     0.0069059123     0.0011076972
       0.32223596     0.0068382839     0.0011662481
       0.32262501     0.0077028363     0.0011454988
       0.32301407     0.0067064872     0.0011395020
       0.32340312     0.0065826284     0.0011501722
       0.32379217     0.0072810433     0.0011384984
       0.32418122     0.0064074670     0.0012356821
       0.32457026     0.0062734122     0.0012429763
       0.32495930     0.0065174267     0.0011250253
       0.32534834     0.0066222888     0.0011953847
       0.32573737     0.0066823944     0.0017614652
       0.32612640     0.0072519566     0.0019333119
       0.32651543     0.0061939774     0.0012076018
       0.32690446     0.0055402795     0.0012536924
       0.32729348     0.0062803479     0.0013230348
       0.32768250     0.0071474644     0.0012888875
       0.32807151     0.0066900400     0.0012904162
       0.32846053     0.0061572752     0.0013232514
       0.32884954     0.0066983903     0.0012913014
       0.32923854     0.0063209447     0.0013374860
       0.32962755     0.0060855145     0.0012229914
       0.33001655     0.0065898788     0.0013982260
       0.33040555     0.0066747392     0.0013435841
       0.33079454     0.0067321246     0.0013360330
       0.33118353     0.0062702114     0.0014009107
       0.33157252     0.0065935910     0.0014747138
       0.33196151     0.0068517315     0.0014608788
       0.33235049     0.0058722540     0.0014023569
       0.33273947     0.0065432681     0.0014916823
       0.33312845     0.0068045501     0.0013910402
       0.33351742     0.0064211975     0.0014396889
       0.33390639     0.0060763512     0.0014907857
       0.33429536     0.0065012815     0.0014535916
       0.33468432     0.0061026909     0.0014702678
       0.33507328     0.0061868770     0.0016094153
       0.33546224     0.0062672751     0.0016673876
       0.33585119     0.0057921424     0.0015659890
       0.33624015     0.0074340266     0.0015004787
       0.33662910     0.0059121132     0.0016065347
       0.33701804     0.0068973317     0.0015871890
       0.33740698     0.0056721107     0.0016483667
       0.33779592     0.0075530534     0.0015161754
       0.33818486     0.0074529904     0.0017120854
       0.33857379     0.0069317769     0.0015454818
       0.33896272     0.0062783547     0.0017732624
       0.33935165     0.0058516753     0.0016881086
       0.33974057     0.0059181653     0.0018861453
       0.34012949     0.0057790372     0.0017892489
       0.34051841     0.0062628307     0.0019154175
       0.34090733     0.0060979518     0.0019741393
       0.34129624     0.0059704050     0.0019137376
       0.34168514     0.0067028055     0.0019000763
       0.34207405     0.0062081239     0.0022777555
       0.34246295     0.0057855429     0.0021304323
       0.34285185     0.0051589286     0.0021061772
       0.34324075     0.0060304679     0.0019096261
       0.34362964     0.0066356679     0.0024113111
       0.34401853     0.0059904053     0.0022392864
       0.34440741     0.0057885820     0.0023848427
       0.34479630     0.0060378655     0.0024244693
       0.34518518     0.0072309824     0.0025374968
       0.34557405     0.0073161318     0.0026813659
       0.34596293     0.0051927515     0.0030336134
       0.34635180     0.0069296389     0.0030098976
       0.34674066     0.0064986756     0.0031279171
       0.34712953     0.0062220038     0.0034714386
       0.34751839     0.0057303809     0.0031500743
       0.34790724     0.0070660439     0.0027546078
       0.34829610     0.0060354940     0.0029402688
       0.34868495     0.0056895903     0.0030567454
       0.34907380     0.0058548565     0.0038241619
       0.34946264     0.0049776435     0.0060918134
       0.34985148     0.0070286114     0.0058981092
       0.35024032      0.010073095     0.0070508393
       0.35062915     0.0060215526     0.0083521363
       0.35101799       0.00000000       0.00000000
